att_0=	c(200.0, 200.0, 200.0, 200.0, 200.0, 200.0, 200.0, 200.0, 200.0, 200.0, 200.0, 200.0, 200.0, 200.0, 200.0, 200.0)
att_1=	c(210.0, 202.0, 209.0, 209.0, 210.0, 210.0, 210.0, 210.0, 210.0, 210.0, 210.0, 210.0, 210.0, 200.0, 200.0, 200.0)
att_2=	c(196.0, 195.0, 196.0, 196.0, 200.0, 200.0, 200.0, 200.0, 200.0, 200.0, 200.0, 200.0, 200.0, 200.0, 200.0, 200.0)
att_3=	c(180.0, 170.0, 175.0, 175.0, 175.0, 175.0, 175.0, 175.0, 180.0, 180.0, 180.0, 180.0, 175.0, 175.0, 175.0, 175.0)
att_4=	c(195.0, 190.0, 190.0, 190.0, 190.0, 190.0, 190.0, 190.0, 190.0, 190.0, 190.0, 195.0, 190.0, 195.0, 195.0, 195.0)
att_5=	c(165.0, 165.0, 165.0, 165.0, 165.0, 165.0, 165.0, 165.0, 165.0, 165.0, 165.0, 165.0, 165.0, 165.0, 165.0, 165.0)
att_6=	c(136.0, 144.0, 144.0, 144.0, 140.0, 140.0, 140.0, 140.0, 150.0, 150.0, 150.0, 150.0, 150.0, 150.0, 150.0, 150.0)
att_7=	c(155.0, 155.0, 155.0, 155.0, 155.0, 160.0, 160.0, 160.0, 155.0, 155.0, 155.0, 155.0, 155.0, 155.0, 155.0, 155.0)
att_8=	c(283.0, 283.0, 283.0, 283.0, 283.0, 283.0, 283.0, 283.0, 283.0, 283.0, 283.0, 283.0, 283.0, 283.0, 283.0, 283.0)
att_9=	c(216.0, 216.0, 216.0, 216.0, 216.0, 216.0, 216.0, 216.0, 216.0, 216.0, 216.0, 216.0, 216.0, 216.0, 216.0, 216.0)
att_10=	c(150.0, 150.0, 150.0, 151.0, 151.0, 151.0, 151.0, 152.0, 160.0, 155.0, 155.0, 155.0, 179.0, 179.0, 179.0, 152.0)
att_11=	c(167.0, 167.0, 167.0, 167.0, 167.0, 167.0, 167.0, 167.0, 167.0, 167.0, 167.0, 167.0, 167.0, 167.0, 167.0, 167.0)
att_12=	c(293.0, 293.0, 293.0, 293.0, 293.0, 293.0, 293.0, 293.0, 293.0, 293.0, 293.0, 293.0, 293.0, 293.0, 293.0, 293.0)
att_13=	c(161.0, 161.0, 161.0, 161.0, 161.0, 161.0, 161.0, 168.0, 166.0, 166.0, 166.0, 166.0, 166.0, 166.0, 162.0, 162.0)
att_14=	c(163.0, 163.0, 163.0, 163.0, 163.0, 163.0, 163.0, 163.0, 163.0, 163.0, 163.0, 163.0, 163.0, 163.0, 163.0, 163.0)
att_15=	c(217.0, 217.0, 217.0, 217.0, 217.0, 217.0, 217.0, 217.0, 217.0, 217.0, 217.0, 217.0, 217.0, 217.0, 217.0, 218.0)
att_16=	c(191.0, 191.0, 192.0, 192.0, 192.0, 189.0, 189.0, 189.0, 192.0, 196.0, 192.0, 192.0, 192.0, 190.0, 192.0, 192.0)
att_17=	c(10.0, 10.0, 10.0, 10.0, 10.0, 10.0, 10.0, 10.0, 10.0, 10.0, 10.0, 10.0, 10.0, 10.0, 10.0, 10.0)
att_18=	c(120.0, 120.0, 120.0, 120.0, 120.0, 120.0, 120.0, 120.0, 120.0, 120.0, 120.0, 120.0, 120.0, 120.0, 120.0, 120.0)
att_19=	c(30.0, 30.0, 30.0, 30.0, 30.0, 30.0, 30.0, 30.0, 30.0, 30.0, 30.0, 30.0, 30.0, 30.0, 30.0, 30.0)
att_20=	c(115.0, 115.0, 115.0, 115.0, 115.0, 115.0, 115.0, 115.0, 115.0, 115.0, 115.0, 115.0, 115.0, 115.0, 115.0, 115.0)
att_21=	c(180.0, 180.0, 180.0, 180.0, 180.0, 180.0, 180.0, 180.0, 180.0, 180.0, 180.0, 180.0, 180.0, 180.0, 180.0, 180.0)
att_22=	c(84.0, 84.0, 84.0, 84.0, 84.0, 84.0, 84.0, 84.0, 84.0, 84.0, 84.0, 84.0, 84.0, 84.0, 84.0, 84.0)
att_23=	c(355.0, 355.0, 355.0, 355.0, 80.0, 80.0, 80.0, 80.0, 80.0, 80.0, 80.0, 80.0, 80.0, 80.0, 80.0, 80.0)
att_24=	c(196.0, 196.0, 196.0, 196.0, 195.0, 196.5, 198.0, 197.5, 197.0, 196.0, 197.0, 198.0, 196.0, 196.0, 196.0, 196.0)
att_25=	c(102.0, 102.0, 102.0, 102.0, 102.0, 102.0, 102.0, 102.0, 102.0, 102.0, 102.0, 102.0, 102.0, 102.0, 102.0, 102.0)
att_26=	c(121.0, 121.0, 121.5, 122.0, 122.0, 121.5, 121.0, 121.0, 125.0, 122.0, 122.5, 123.0, 122.0, 121.0, 120.0, 124.0)
att_27=	c(211.0, 211.0, 211.0, 211.0, 211.0, 211.0, 211.0, 211.0, 211.0, 211.0, 220.0, 211.0, 211.0, 211.0, 211.0, 211.0)
att_28=	c(188.0, 186.0, 186.0, 186.0, 186.0, 186.0, 186.0, 186.0, 186.0, 186.0, 186.0, 186.0, 186.0, 186.0, 186.0, 186.0)
att_29=	c(116.0, 116.0, 116.0, 110.0, 110.0, 112.5, 115.0, 115.0, 115.0, 115.0, 115.0, 131.0, 113.0, 115.0, 115.0, 116.0)
att_30=	c(100.0, 100.0, 100.0, 100.0, 100.0, 100.5, 101.0, 101.0, 101.0, 101.0, 101.0, 101.0, 101.0, 101.0, 101.0, 101.0)
att_31=	c(55.0, 56.0, 53.0, 53.0, 56.0, 56.0, 56.0, 56.0, 56.0, 56.0, 58.0, 61.0, 61.0, 61.0, 61.0, 61.0)
att_32=	c(90.0, 90.0, 90.0, 90.0, 90.0, 90.0, 90.0, 90.0, 90.0, 90.0, 90.0, 90.0, 90.0, 90.0, 90.0, 90.0)
att_33=	c(293.0, 293.0, 293.0, 293.0, 293.0, 293.0, 293.0, 293.0, 293.0, 293.0, 293.0, 293.0, 293.0, 293.0, 296.0, 296.0)
att_34=	c(183.0, 182.0, 181.0, 183.0, 183.0, 183.0, 183.0, 183.0, 183.0, 183.0, 183.0, 183.0, 183.0, 183.0, 183.0, 183.0)
att_35=	c(135.0, 135.0, 135.0, 135.0, 135.0, 135.0, 135.0, 135.0, 135.0, 135.0, 135.0, 135.0, 135.0, 135.0, 135.0, 135.0)
att_36=	c(2.9, 2.9, 2.9, 2.9, 2.9, 2.9, 2.9, 2.9, 2.9, 2.9, 2.9, 2.9, 2.9, 2.9, 2.9, 2.9)
att_37=	c(4.7, 4.7, 4.7, 4.7, 4.7, 4.7, 4.7, 4.7, 4.7, 4.7, 4.8, 4.8, 4.8, 4.8, 4.8, 4.8)
att_38=	c(16.4, 16.4, 16.0, 16.0, 15.0, 14.9, 14.8, 16.3, 14.9, 14.9, 15.1, 16.1, 15.0, 16.5, 16.4, 16.4)
att_39=	c(4.8, 4.8, 3.0, 3.0, 4.6, 3.0, 3.0, 3.0, 4.9, 4.9, 4.6, 4.6, 4.6, 4.6, 4.6, 4.6)
att_40=	c(13.1, 13.1, 13.4, 13.4, 13.4, 13.4, 13.5, 13.5, 13.5, 13.5, 13.5, 13.5, 13.5, 13.5, 13.5, 13.5)
att_41=	c(3.0, 3.0, 3.0, 3.0, 3.0, 3.0, 3.0, 3.0, 3.0, 3.0, 3.0, 3.0, 3.0, 3.0, 3.0, 3.0)
att_42=	c(17.6, 17.6, 17.6, 17.6, 17.6, 17.6, 17.6, 17.6, 17.6, 17.6, 17.7, 17.7, 17.7, 17.7, 17.7, 17.7)
att_43=	c(6.6, 6.6, 6.6, 6.6, 6.6, 6.6, 6.6, 6.6, 6.6, 6.6, 6.6, 6.7, 6.7, 6.7, 6.7, 6.7)
att_44=	c(10.9, 10.9, 11.4, 11.4, 11.4, 11.4, 11.4, 11.4, 11.4, 11.1, 11.1, 11.1, 11.1, 11.1, 11.1, 11.1)
att_45=	c(3.0, 3.0, 3.5, 3.5, 3.0, 3.0, 3.0, 3.0, 3.0, 3.0, 3.0, 3.0, 3.0, 3.0, 3.0, 3.0)
att_46=	c(145.0, 145.0, 145.0, 145.0, 145.0, 145.0, 145.0, 145.0, 145.0, 145.0, 145.0, 145.0, 145.0, 145.0, 145.0, 145.0)
att_47=	c(290.0, 290.0, 290.0, 290.0, 290.0, 290.0, 290.0, 290.0, 290.0, 290.0, 260.0, 260.0, 260.0, 260.0, 260.0, 260.0)
att_48=	c(24.0, 24.0, 24.0, 24.0, 24.0, 20.0, 20.0, 20.0, 20.0, 20.0, 20.0, 20.0, 20.0, 20.0, 20.0, 20.0)
att_49=	c(93.0, 93.0, 93.0, 93.0, 93.0, 90.0, 90.0, 90.0, 90.0, 90.0, 90.0, 90.0, 90.0, 90.0, 90.0, 90.0)
att_50=	c(100.0, 100.0, 100.0, 100.0, 100.0, 100.0, 100.0, 100.0, 100.0, 100.0, 100.0, 100.0, 100.0, 100.0, 100.0, 100.0)
att_51=	c(200.0, 200.0, 190.0, 200.0, 200.0, 190.0, 190.0, 200.0, 200.0, 240.0, 200.0, 205.0, 205.0, 200.0, 205.0, 200.0)
att_52=	c(130.0, 130.0, 130.0, 130.0, 130.0, 130.0, 130.0, 130.0, 140.0, 140.0, 140.0, 135.0, 130.0, 130.0, 130.0, 130.0)
att_53=	c(115.0, 115.0, 115.0, 115.0, 115.0, 110.0, 110.0, 110.0, 110.0, 115.0, 115.0, 115.0, 115.0, 115.0, 115.0, 115.0)
att_54=	c(81.0, 81.0, 79.0, 79.0, 79.0, 100.0, 80.0, 80.0, 80.0, 80.0, 80.0, 80.0, 100.0, 80.0, 80.0, 80.0)
att_55=	c(142.0, 142.0, 142.0, 142.0, 142.0, 140.0, 140.0, 140.0, 140.0, 140.0, 140.0, 140.0, 140.0, 140.0, 140.0, 140.0)
att_56=	c(3.7, 3.7, 3.9, 3.5, 3.9, 3.85, 3.8, 3.7, 4.9, 4.9, 4.2, 5.2, 5.1, 3.6, 3.6, 3.9)
att_57=	c(3.0, 3.0, 3.0, 3.0, 3.0, 3.0, 3.0, 3.0, 3.0, 3.0, 3.0, 3.0, 3.0, 3.0, 3.0, 3.0)
att_58=	c(8.1, 8.1, 8.1, 8.1, 8.1, 8.1, 8.1, 8.1, 8.1, 8.1, 8.1, 8.1, 8.1, 8.1, 8.1, 8.1)
att_59=	c(7.6, 7.6, 7.6, 7.6, 7.6, 7.6, 7.6, 7.6, 7.6, 7.6, 7.6, 7.6, 7.6, 7.6, 7.7, 7.5)
att_60=	c(8.0, 8.0, 7.5, 7.5, 7.5, 7.5, 7.5, 7.5, 7.5, 7.5, 7.5, 8.5, 12.0, 8.0, 8.0, 8.0)
att_61=	c(10.1, 10.1, 10.3, 10.3, 10.3, 10.3, 10.3, 10.5, 10.2, 10.3, 10.9, 10.3, 10.8, 10.3, 11.3, 10.3)
att_62=	c(19.0, 19.0, 19.0, 19.0, 19.0, 19.0, 19.0, 19.0, 19.0, 19.0, 19.0, 19.0, 19.0, 19.0, 19.0, 19.0)
att_63=	c(6.1, 6.1, 6.1, 6.1, 6.1, 6.2, 6.3, 6.3, 6.3, 6.0, 6.0, 6.0, 6.0, 6.0, 6.0, 6.0)
att_64=	c(9.6, 9.6, 9.6, 9.6, 9.6, 9.6, 9.6, 9.6, 9.6, 9.6, 9.6, 9.6, 9.6, 9.6, 9.6, 9.6)
att_65=	c(10.1, 9.7, 9.7, 9.7, 9.7, 9.7, 9.7, 9.7, 9.6, 9.6, 9.6, 9.6, 9.6, 9.6, 9.6, 9.6)
att_66=	c(6.2, 6.2, 5.0, 5.0, 5.1, 5.1, 5.1, 5.1, 5.1, 5.6, 5.6, 5.6, 4.9, 4.9, 4.9, 4.9)
att_67=	c(14.7, 14.7, 14.8, 14.8, 14.8, 14.8, 14.8, 14.8, 14.8, 14.8, 14.8, 14.8, 4.8, 4.8, 4.8, 4.8)
att_68=	c(7.5, 7.5, 7.4, 7.4, 7.6, 7.4, 7.3, 7.3, 7.3, 7.6, 7.5, 7.4, 7.4, 7.4, 7.7, 7.7)
att_69=	c(5.1, 5.1, 5.1, 5.1, 5.0, 5.0, 5.0, 5.0, 5.0, 5.0, 5.1, 5.2, 5.1, 5.1, 5.0, 5.0)
att_70=	c(0.5, 0.5, 1.4, 1.4, 1.4, 1.4, 1.4, 1.4, 1.4, 1.4, 1.4, 1.4, 1.4, 1.4, 1.4, 1.4)
att_71=	c(1.9, 1.9, 1.1, 1.1, 1.1, 1.0, 1.0, 1.0, 1.1, 1.1, 1.1, 1.1, 1.1, 1.1, 1.4, 1.4)
att_72=	c(3.0, 3.0, 3.0, 3.0, 3.0, 3.0, 3.0, 3.0, 3.0, 3.0, 3.0, 3.0, 3.0, 3.0, 3.0, 3.0)
att_73=	c(11.1, 11.1, 10.9, 10.9, 10.9, 10.9, 11.2, 11.2, 11.2, 11.2, 11.2, 11.2, 11.1, 11.1, 11.1, 11.1)
att_74=	c(5.3, 5.3, 6.3, 6.3, 6.3, 6.3, 6.3, 6.2, 6.3, 6.3, 6.3, 6.3, 6.1, 6.1, 6.1, 6.1)
att_75=	c(8.0, 8.0, 8.0, 8.0, 8.0, 8.0, 8.0, 8.0, 8.0, 8.0, 8.0, 8.0, 8.0, 8.0, 8.0, 8.0)
att_76=	c(10.0, 10.0, 10.0, 10.0, 10.0, 10.0, 10.0, 10.0, 10.0, 10.0, 10.0, 10.0, 10.0, 10.0, 10.0, 10.0)
att_77=	c(15.0, 15.0, 15.0, 15.0, 15.0, 15.0, 15.0, 15.0, 15.0, 15.0, 15.0, 15.0, 15.0, 15.0, 15.0, 15.0)
att_78=	c(12.0, 12.0, 12.0, 12.0, 12.0, 12.0, 12.0, 12.0, 12.0, 12.0, 12.0, 12.0, 12.0, 12.0, 12.0, 12.0)
att_79=	c(5.0, 5.0, 5.0, 5.0, 5.0, 5.0, 5.0, 5.0, 5.0, 5.0, 5.0, 5.0, 5.0, 5.0, 5.0, 5.0)
att_80=	c(20.0, 20.0, 20.0, 20.0, 20.0, 20.0, 20.0, 20.0, 20.0, 20.0, 20.0, 20.0, 20.0, 20.0, 20.0, 20.0)
att_81=	c(7.0, 7.0, 6.0, 6.0, 6.0, 6.0, 6.0, 6.0, 6.0, 6.0, 6.0, 6.0, 6.0, 6.0, 6.0, 6.0)
att_82=	c(6.0, 6.0, 6.0, 6.0, 6.0, 6.0, 6.0, 6.0, 6.0, 6.0, 6.0, 6.0, 6.0, 6.0, 6.0, 6.0)
att_83=	c(4.0, 4.0, 4.0, 4.0, 4.0, 4.0, 4.0, 4.0, 4.0, 4.0, 4.0, 4.0, 4.0, 4.0, 4.0, 4.0)
att_84=	c(9.0, 9.0, 9.0, 9.0, 9.0, 9.0, 9.0, 9.0, 9.0, 9.0, 9.0, 9.0, 9.0, 9.0, 9.0, 9.0)
att_85=	c(190.0, 200.0, 200.0, 200.0, 205.0, 202.5, 200.0, 195.0, 195.0, 200.0, 200.0, 200.0, 200.0, 200.0, 200.0, 200.0)
att_86=	c(160.0, 160.0, 160.0, 160.0, 160.0, 160.0, 160.0, 160.0, 160.0, 160.0, 160.0, 160.0, 160.0, 160.0, 160.0, 160.0)
att_87=	c(300.0, 300.0, 300.0, 300.0, 300.0, 300.0, 300.0, 300.0, 300.0, 300.0, 300.0, 305.0, 305.0, 305.0, 305.0, 305.0)
att_88=	c(320.0, 320.0, 330.0, 327.5, 325.0, 325.0, 325.0, 325.0, 325.0, 325.0, 325.0, 325.0, 325.0, 325.0, 325.0, 325.0)
att_89=	c(260.0, 260.0, 260.0, 265.0, 265.0, 265.0, 265.0, 265.0, 260.0, 265.0, 265.0, 265.0, 265.0, 265.0, 275.0, 275.0)
att_90=	c(87.0, 87.0, 86.0, 86.0, 90.0, 90.0, 90.0, 90.0, 90.0, 90.0, 90.0, 90.0, 90.0, 90.0, 90.0, 90.0)
att_91=	c(100.0, 100.0, 100.0, 100.0, 100.0, 100.0, 100.0, 100.0, 100.0, 100.0, 100.0, 100.0, 100.0, 100.0, 100.0, 100.0)
att_92=	c(35.0, 35.0, 35.0, 35.0, 35.0, 35.0, 35.0, 35.0, 35.0, 35.0, 35.0, 35.0, 35.0, 35.0, 35.0, 35.0)
att_93=	c(125.0, 125.0, 125.0, 125.0, 125.0, 125.0, 125.0, 125.0, 125.0, 125.0, 125.0, 125.0, 125.0, 125.0, 125.0, 125.0)
att_94=	c(175.0, 180.0, 175.0, 180.0, 180.0, 177.5, 175.0, 175.0, 180.0, 185.0, 185.0, 185.0, 185.0, 175.0, 180.0, 175.0)
att_95=	c(155.0, 155.0, 155.0, 155.0, 160.0, 160.0, 160.0, 160.0, 160.0, 160.0, 160.0, 160.0, 160.0, 160.0, 160.0, 160.0)
att_96=	c(180.0, 175.0, 175.0, 175.0, 175.0, 175.0, 175.0, 175.0, 175.0, 175.0, 175.0, 175.0, 175.0, 175.0, 175.0, 175.0)
att_97=	c(170.0, 170.0, 170.0, 170.0, 170.0, 170.0, 170.0, 170.0, 170.0, 170.0, 170.0, 170.0, 170.0, 170.0, 170.0, 170.0)
att_98=	c(85.0, 85.0, 85.0, 85.0, 85.0, 85.0, 85.0, 85.0, 85.0, 85.0, 85.0, 85.0, 85.0, 85.0, 85.0, 85.0)
att_99=	c(165.0, 165.0, 165.0, 165.0, 165.0, 165.0, 165.0, 165.0, 165.0, 165.0, 165.0, 165.0, 165.0, 165.0, 165.0, 165.0)
att_100=	c(3.0, 3.0, 3.0, 3.0, 3.0, 3.0, 3.0, 3.0, 3.0, 3.0, 3.0, 3.0, 3.0, 3.0, 3.0, 3.0)
att_101=	c(10.0, 10.0, 10.0, 10.0, 10.0, 10.0, 10.0, 10.0, 10.0, 10.0, 10.0, 10.0, 10.0, 10.0, 10.0, 10.0)
att_102=	c(14.0, 14.0, 14.0, 14.0, 14.0, 14.0, 14.0, 14.0, 14.0, 14.0, 14.0, 14.0, 14.0, 14.0, 14.0, 14.0)
att_103=	c(11.0, 11.0, 11.0, 11.0, 11.0, 11.0, 11.0, 11.0, 11.0, 11.0, 11.0, 11.0, 11.0, 11.0, 11.0, 11.0)
att_104=	c(12.1, 12.1, 12.1, 12.1, 12.1, 12.1, 12.1, 12.1, 12.2, 12.4, 12.4, 12.4, 12.4, 12.4, 12.4, 12.1)
att_105=	c(7.4, 7.4, 7.4, 7.4, 7.4, 7.4, 7.4, 7.4, 7.4, 7.4, 7.4, 7.6, 7.6, 7.6, 7.6, 7.6)
att_106=	c(18.3, 18.3, 18.3, 18.3, 18.45, 18.6, 18.6, 18.6, 18.6, 18.6, 18.4, 18.4, 18.4, 18.4, 18.4, 18.6)
att_107=	c(6.0, 6.1, 6.1, 6.1, 6.1, 6.1, 6.1, 6.1, 6.1, 6.1, 6.1, 6.1, 6.1, 6.1, 6.1, 6.1)
att_108=	c(13.2, 13.2, 13.2, 13.2, 13.2, 13.2, 13.1, 13.4, 13.1, 13.3, 13.5, 13.5, 13.1, 13.3, 13.4, 13.4)
att_109=	c(9.8, 9.8, 9.8, 9.8, 9.8, 9.8, 9.8, 9.8, 13.5, 13.5, 13.3, 13.2, 13.2, 13.2, 13.2, 13.2)
att_110=	c(4.4, 4.4, 4.4, 4.4, 4.4, 4.4, 4.4, 4.4, 4.9, 4.9, 4.7, 4.7, 4.7, 4.7, 4.7, 4.7)
att_111=	c(16.7, 16.7, 16.7, 16.7, 16.8, 16.9, 16.9, 16.9, 16.9, 16.9, 16.9, 16.9, 16.9, 16.9, 18.0, 16.6)
att_112=	c(13.0, 13.0, 13.0, 13.0, 13.0, 13.0, 13.0, 13.0, 13.0, 13.0, 13.0, 12.9, 13.5, 13.5, 13.0, 13.0)
att_113=	c(15.9, 15.9, 16.0, 16.0, 16.0, 16.0, 16.0, 16.0, 16.0, 16.4, 16.4, 16.4, 16.4, 16.4, 16.4, 16.6)
att_114=	c(18.9, 18.9, 18.9, 18.9, 18.9, 18.9, 18.9, 18.9, 18.9, 18.9, 18.9, 18.9, 18.9, 19.0, 18.9, 19.0)
att_115=	c(25.5, 25.5, 25.5, 25.5, 25.5, 25.5, 25.5, 25.5, 25.5, 25.5, 25.5, 25.5, 25.5, 25.5, 25.5, 25.5)
att_116=	c(4.6, 3.5, 3.5, 3.5, 3.5, 3.5, 4.6, 4.8, 4.8, 4.8, 4.8, 4.8, 3.3, 3.3, 2.9, 2.9)
att_117=	c(3.0, 3.0, 3.0, 3.0, 3.0, 3.0, 3.0, 3.0, 3.0, 3.0, 3.0, 3.0, 3.0, 3.0, 3.0, 3.0)
att_118=	c(17.4, 17.4, 17.4, 17.4, 17.4, 17.4, 17.4, 17.4, 17.4, 17.4, 17.4, 18.1, 18.1, 18.1, 18.1, 18.1)
att_119=	c(18.5, 18.5, 18.5, 18.5, 18.5, 18.5, 18.5, 18.5, 18.5, 18.5, 18.5, 18.5, 18.5, 18.5, 18.5, 18.5)
att_120=	c(300.0, 300.0, 300.0, 300.0, 300.0, 300.0, 300.0, 300.0, 300.0, 300.0, 300.0, 300.0, 300.0, 300.0, 300.0, 300.0)
att_121=	c(165.0, 175.0, 170.0, 170.0, 170.0, 170.0, 170.0, 170.0, 170.0, 170.0, 170.0, 170.0, 170.0, 170.0, 170.0, 170.0)
att_122=	c(305.0, 305.0, 305.0, 305.0, 305.0, 305.0, 305.0, 305.0, 305.0, 305.0, 305.0, 305.0, 305.0, 305.0, 305.0, 305.0)
att_123=	c(265.0, 265.0, 265.0, 265.0, 265.0, 265.0, 265.0, 265.0, 265.0, 265.0, 265.0, 265.0, 265.0, 292.5, 320.0, 320.0)
att_124=	c(210.0, 210.0, 210.0, 210.0, 210.0, 210.0, 210.0, 210.0, 210.0, 210.0, 210.0, 210.0, 210.0, 210.0, 210.0, 210.0)
att_125=	c(130.0, 130.0, 130.0, 130.0, 130.0, 130.0, 130.0, 130.0, 130.0, 130.0, 130.0, 130.0, 130.0, 130.0, 130.0, 130.0)
att_126=	c(330.0, 330.0, 325.0, 325.0, 325.0, 325.0, 325.0, 330.0, 330.0, 330.0, 330.0, 330.0, 330.0, 330.0, 330.0, 330.0)
att_127=	c(145.0, 145.0, 140.0, 140.0, 140.0, 140.0, 140.0, 140.0, 140.0, 140.0, 140.0, 140.0, 140.0, 140.0, 140.0, 145.0)
att_128=	c(11.0, 11.0, 11.0, 11.0, 11.0, 11.0, 11.0, 11.0, 11.0, 11.0, 11.0, 11.0, 11.0, 11.0, 11.0, 11.0)
att_129=	c(3.0, 3.0, 3.0, 3.0, 3.0, 3.0, 3.0, 3.0, 3.0, 3.0, 3.0, 3.0, 3.0, 3.0, 3.0, 3.0)
att_130=	c(15.0, 15.0, 15.0, 15.0, 15.0, 15.0, 15.0, 14.0, 14.0, 14.0, 14.0, 14.0, 14.0, 14.0, 15.0, 15.0)
att_131=	c(14.0, 14.0, 14.0, 14.0, 14.0, 14.0, 14.0, 14.0, 14.0, 14.0, 14.0, 14.0, 14.0, 15.0, 15.0, 15.0)
att_132=	c(11.0, 11.0, 11.0, 11.0, 11.0, 11.0, 11.0, 12.0, 11.0, 12.0, 11.0, 11.0, 11.5, 12.0, 12.0, 12.0)
att_133=	c(14.0, 14.0, 14.0, 14.0, 14.0, 14.0, 14.0, 14.0, 14.0, 14.0, 14.0, 14.0, 14.0, 14.0, 14.0, 14.0)
att_134=	c(17.0, 17.0, 17.0, 17.0, 17.0, 17.0, 17.0, 17.0, 17.0, 17.0, 17.0, 17.0, 17.0, 17.0, 17.0, 17.0)
att_135=	c(7.0, 7.0, 7.0, 7.0, 7.0, 7.0, 7.0, 7.0, 7.0, 7.0, 7.0, 7.0, 7.0, 7.0, 7.0, 7.0)
att_136=	c(21.0, 21.0, 21.0, 21.0, 21.0, 21.0, 21.0, 21.0, 21.0, 21.0, 21.0, 21.0, 21.0, 21.0, 21.0, 21.0)
att_137=	c(1.8, 1.8, 1.8, 1.8, 1.8, 1.8, 1.8, 1.8, 2.1, 2.1, 2.1, 2.1, 2.1, 2.1, 2.1, 2.1)
att_138=	c(7.4, 7.4, 7.0, 7.0, 7.0, 7.0, 7.0, 7.0, 7.0, 7.0, 7.0, 7.0, 7.0, 7.0, 7.0, 7.0)
att_139=	c(6.6, 6.6, 6.7, 6.5, 6.5, 6.5, 6.5, 6.5, 6.5, 6.5, 6.5, 6.5, 6.5, 6.6, 26.4, 6.0)
att_140=	c(3.9, 3.9, 3.9, 3.9, 3.9, 3.9, 3.9, 3.9, 3.9, 3.9, 3.9, 3.9, 3.9, 3.9, 3.9, 3.9)
att_141=	c(3.2, 3.2, 3.2, 3.2, 3.2, 3.2, 3.2, 3.2, 3.2, 3.2, 3.2, 3.0, 3.0, 3.0, 3.0, 3.0)
att_142=	c(14.6, 14.6, 14.5, 14.5, 14.5, 14.3, 14.3, 14.7, 14.3, 14.3, 14.4, 14.6, 14.8, 14.4, 14.4, 14.7)
att_143=	c(3.4, 3.4, 3.7, 3.7, 3.7, 3.7, 3.7, 3.7, 3.7, 3.7, 3.7, 3.7, 3.7, 3.7, 3.7, 3.7)
att_144=	c(1.9, 1.9, 2.1, 2.1, 2.1, 2.1, 2.1, 2.1, 2.1, 2.0, 2.0, 2.1, 2.1, 2.1, 2.1, 2.1)
att_145=	c(11.0, 11.0, 11.0, 11.0, 11.0, 11.0, 11.0, 11.0, 11.0, 11.0, 11.0, 11.0, 11.0, 11.0, 11.0, 11.0)
att_146=	c(30.0, 30.0, 30.0, 30.0, 30.0, 30.0, 29.8, 29.8, 29.8, 30.1, 30.0, 30.0, 29.9, 29.8, 29.4, 29.5)
att_147=	c(18.5, 18.5, 18.5, 18.5, 18.5, 18.5, 18.5, 18.5, 18.5, 18.5, 18.5, 18.5, 18.5, 18.5, 12.1, 5.7)
att_148=	c(11.8, 11.8, 11.9, 11.9, 11.8, 11.8, 11.8, 11.8, 11.6, 11.7, 11.8, 11.8, 12.0, 12.1, 12.1, 12.1)
att_149=	c(10.7, 10.7, 10.7, 10.7, 10.7, 10.7, 10.7, 10.7, 10.7, 10.7, 10.7, 10.7, 10.7, 10.7, 10.7, 10.7)
att_150=	c(1.4, 1.4, 1.4, 1.4, 1.4, 1.4, 1.4, 1.4, 1.4, 1.4, 1.4, 1.4, 1.4, 1.4, 1.4, 1.4)
att_151=	c(7.6, 7.6, 6.7, 6.7, 6.7, 6.7, 6.7, 6.7, 6.7, 6.7, 6.7, 6.7, 6.7, 6.7, 6.7, 6.7)
att_152=	c(9.6, 9.3, 7.6, 7.6, 7.6, 7.6, 7.6, 7.6, 7.6, 7.6, 7.6, 7.3, 7.3, 7.3, 7.3, 7.3)
att_153=	c(8.8, 6.0, 8.6, 6.1, 6.1, 6.1, 6.1, 6.1, 6.2, 6.2, 6.2, 6.2, 6.2, 6.2, 6.1, 6.1)
att_154=	c(16.8, 16.6, 15.2, 15.2, 15.0, 15.0, 15.0, 15.0, 16.9, 16.9, 16.9, 16.9, 16.9, 16.9, 16.9, 16.9)
att_155=	c(11.8, 11.6, 11.0, 10.5, 10.5, 10.5, 10.5, 10.5, 12.2, 12.2, 12.2, 12.2, 12.2, 12.2, 12.2, 12.2)
att_156=	c(9.0, 9.0, 9.0, 9.0, 9.0, 9.0, 9.0, 9.0, 9.0, 9.0, 9.0, 9.0, 9.0, 9.0, 9.05, 9.1)
att_157=	c(16.4, 16.4, 16.4, 16.4, 16.4, 16.4, 16.4, 16.15, 15.9, 15.9, 15.9, 15.9, 15.9, 15.8, 15.8, 15.8)
att_158=	c(3.0, 3.0, 3.0, 3.0, 3.0, 3.0, 3.0, 3.0, 3.0, 3.0, 3.0, 3.0, 3.0, 3.0, 3.0, 3.0)
att_159=	c(11.2, 11.1, 11.0, 11.2, 11.2, 11.2, 11.2, 11.2, 11.2, 11.2, 11.2, 11.2, 11.2, 11.2, 11.2, 11.2)
att_160=	c(1.1, 1.1, 1.1, 1.1, 0.5, 0.5, 0.5, 0.5, 0.5, 0.5, 0.5, 0.5, 0.5, 0.5, 0.5, 0.5)
att_161=	c(1.0, 1.0, 1.0, 1.0, 1.0, 1.05, 1.1, 1.1, 1.1, 1.1, 1.1, 1.1, 1.1, 1.1, 1.1, 1.1)
att_162=	c(5.2, 5.2, 5.2, 5.2, 5.2, 5.2, 5.2, 5.2, 5.2, 5.2, 5.2, 5.2, 5.2, 5.2, 5.2, 5.2)
att_163=	c(70.0, 70.0, 70.0, 70.0, 75.0, 80.0, 80.0, 80.0, 80.0, 80.0, 80.0, 80.0, 80.0, 80.0, 80.0, 80.0)
att_164=	c(410.0, 410.0, 415.0, 415.0, 415.0, 415.0, 415.0, 415.0, 415.0, 415.0, 415.0, 415.0, 415.0, 415.0, 415.0, 415.0)
att_165=	c(370.0, 370.0, 370.0, 370.0, 370.0, 370.0, 370.0, 360.0, 380.0, 380.0, 380.0, 380.0, 380.0, 375.0, 370.0, 370.0)
att_166=	c(405.0, 405.0, 405.0, 405.0, 405.0, 405.0, 405.0, 405.0, 405.0, 405.0, 405.0, 405.0, 405.0, 405.0, 407.5, 410.0)
att_167=	c(180.0, 180.0, 180.0, 180.0, 185.0, 180.0, 185.0, 182.5, 180.0, 180.0, 182.5, 185.0, 185.0, 185.0, 180.0, 185.0)
att_168=	c(245.0, 245.0, 245.0, 245.0, 245.0, 245.0, 245.0, 245.0, 240.0, 245.0, 245.0, 245.0, 245.0, 245.0, 245.0, 245.0)
att_169=	c(290.0, 290.0, 290.0, 290.0, 290.0, 290.0, 290.0, 290.0, 290.0, 290.0, 290.0, 290.0, 290.0, 290.0, 290.0, 290.0)
att_170=	c(265.0, 265.0, 265.0, 270.0, 270.0, 270.0, 270.0, 265.0, 270.0, 270.0, 270.0, 270.0, 270.0, 265.0, 270.0, 275.0)
att_171=	c(395.0, 395.0, 400.0, 395.0, 395.0, 400.0, 405.0, 405.0, 405.0, 405.0, 405.0, 405.0, 405.0, 405.0, 405.0, 405.0)
att_172=	c(403.0, 403.0, 403.0, 403.0, 403.0, 400.0, 400.0, 400.0, 400.0, 400.0, 400.0, 400.0, 400.0, 400.0, 400.0, 400.0)
att_173=	c(13.0, 13.0, 12.0, 12.0, 12.0, 12.0, 12.0, 12.0, 12.0, 12.0, 12.0, 12.0, 12.0, 12.0, 12.0, 12.0)
att_174=	c(5.0, 5.0, 5.0, 5.0, 5.0, 5.0, 5.0, 5.0, 5.0, 5.0, 5.0, 5.0, 5.0, 5.0, 5.0, 5.0)
att_175=	c(22.0, 22.0, 21.0, 21.0, 21.0, 21.0, 21.0, 21.0, 21.0, 22.0, 22.0, 22.0, 22.0, 22.0, 22.0, 22.0)
att_176=	c(31.0, 31.0, 31.0, 31.0, 31.0, 31.0, 31.0, 31.0, 31.0, 31.0, 31.0, 31.0, 31.0, 31.0, 31.0, 31.0)
att_177=	c(23.0, 24.0, 24.0, 24.0, 24.0, 23.5, 23.0, 23.0, 23.0, 23.0, 23.0, 23.0, 23.0, 23.0, 23.0, 23.0)
att_178=	c(70.0, 70.0, 70.0, 70.0, 70.0, 70.0, 70.0, 70.0, 70.0, 70.0, 70.0, 70.0, 70.0, 70.0, 70.0, 70.0)
att_179=	c(170.0, 185.0, 170.0, 170.0, 180.0, 180.0, 180.0, 170.0, 170.0, 185.0, 185.0, 185.0, 185.0, 170.0, 170.0, 170.0)
att_180=	c(120.0, 120.0, 120.0, 120.0, 120.0, 120.0, 120.0, 120.0, 120.0, 120.0, 120.0, 120.0, 120.0, 120.0, 120.0, 120.0)
att_181=	c(230.0, 230.0, 230.0, 230.0, 230.0, 230.0, 230.0, 230.0, 230.0, 230.0, 230.0, 230.0, 230.0, 230.0, 230.0, 230.0)
att_182=	c(120.0, 120.0, 120.0, 120.0, 120.0, 117.5, 115.0, 115.0, 115.0, 115.0, 115.0, 115.0, 115.0, 115.0, 115.0, 115.0)
att_183=	c(190.0, 190.0, 190.0, 190.0, 190.0, 190.0, 190.0, 190.0, 190.0, 190.0, 190.0, 190.0, 190.0, 190.0, 190.0, 190.0)
att_184=	c(210.0, 210.0, 210.0, 210.0, 210.0, 210.0, 210.0, 210.0, 210.0, 210.0, 210.0, 210.0, 210.0, 210.0, 210.0, 210.0)
att_185=	c(135.0, 135.0, 135.0, 135.0, 135.0, 135.0, 135.0, 135.0, 135.0, 135.0, 135.0, 135.0, 135.0, 135.0, 135.0, 135.0)
att_186=	c(3.0, 3.0, 3.0, 3.0, 3.0, 3.0, 3.0, 3.0, 3.0, 3.0, 3.0, 3.0, 3.0, 3.0, 3.0, 3.0)
att_187=	c(9.4, 9.4, 9.5, 9.6, 9.7, 9.8, 10.0, 9.7, 9.9, 9.9, 9.9, 10.0, 10.0, 10.0, 9.7, 9.7)
att_188=	c(8.1, 7.2, 7.4, 7.4, 7.4, 7.4, 7.4, 7.4, 6.9, 7.2, 7.2, 7.2, 7.2, 8.7, 8.7, 7.7)
att_189=	c(5.5, 3.8, 13.8, 12.4, 11.0, 11.0, 11.0, 11.0, 11.0, 11.0, 11.0, 11.0, 8.15, 5.3, 5.3, 5.3)
att_190=	c(7.2, 6.1, 6.2, 6.2, 6.2, 7.4, 7.4, 7.4, 7.4, 7.4, 7.4, 7.4, 7.4, 7.4, 7.4, 7.4)
att_191=	c(3.4, 3.4, 3.4, 3.4, 3.4, 3.4, 3.4, 3.4, 3.4, 3.4, 3.4, 3.4, 3.4, 3.4, 3.4, 3.4)
att_192=	c(6.9, 6.7, 5.5, 5.5, 5.5, 6.8, 6.9, 8.0, 6.8, 6.7, 6.7, 6.7, 6.7, 6.9, 7.6, 6.9)
att_193=	c(5.8, 5.8, 5.8, 5.8, 5.8, 5.8, 5.8, 5.8, 5.8, 5.8, 5.8, 5.8, 5.8, 5.8, 5.8, 5.8)
att_194=	c(17.8, 17.8, 18.0, 18.0, 18.0, 18.0, 17.9, 17.9, 17.9, 17.9, 17.9, 17.9, 17.9, 17.9, 17.9, 17.9)
att_195=	c(17.0, 17.0, 17.0, 17.0, 14.1, 11.2, 11.0, 11.0, 11.0, 11.0, 11.0, 11.0, 11.0, 11.2, 11.1, 11.1)
att_196=	c(13.2, 13.2, 13.4, 13.4, 13.4, 13.4, 13.4, 13.4, 13.4, 13.4, 13.4, 13.4, 13.4, 13.4, 13.4, 13.4)
att_197=	c(6.7, 6.5, 6.5, 6.5, 6.5, 6.5, 6.5, 6.5, 6.5, 6.5, 6.5, 6.5, 6.5, 6.5, 6.5, 6.6)
att_198=	c(10.2, 10.2, 10.2, 10.3, 10.3, 10.3, 10.1, 10.1, 10.3, 10.3, 10.3, 10.3, 10.3, 10.3, 10.3, 10.3)
att_199=	c(11.7, 11.7, 11.7, 11.7, 11.7, 11.7, 11.7, 11.7, 11.7, 11.7, 11.7, 11.7, 11.7, 11.7, 11.7, 11.7)
att_200=	c(6.2, 6.2, 6.2, 6.2, 6.2, 6.2, 6.2, 6.2, 6.2, 6.2, 6.2, 6.2, 6.1, 6.1, 6.1, 6.1)
att_201=	c(15.0, 15.0, 15.0, 15.0, 15.0, 15.0, 15.0, 15.0, 15.0, 15.0, 16.0, 17.0, 15.0, 15.0, 15.0, 15.0)
att_202=	c(24.0, 24.0, 23.0, 23.0, 23.0, 23.0, 23.0, 23.0, 24.0, 24.0, 24.0, 24.0, 24.0, 23.0, 23.0, 23.0)
att_203=	c(3.0, 3.0, 3.0, 3.0, 3.0, 3.0, 3.0, 3.0, 3.0, 3.0, 3.0, 3.0, 3.0, 3.0, 3.0, 3.0)
att_204=	c(20.0, 20.0, 20.0, 20.0, 20.0, 20.0, 20.0, 19.0, 19.0, 19.0, 19.0, 19.0, 19.0, 19.0, 19.0, 19.0)
att_205=	c(23.0, 23.0, 23.0, 23.0, 23.0, 23.0, 23.0, 23.0, 23.0, 23.0, 23.0, 23.0, 23.0, 23.0, 23.0, 23.0)
att_206=	c(17.0, 17.0, 17.0, 17.0, 17.0, 17.0, 17.0, 17.0, 17.0, 17.0, 17.0, 17.0, 17.0, 17.0, 17.0, 17.0)
att_207=	c(295.0, 295.0, 295.0, 295.0, 295.0, 295.0, 295.0, 295.0, 295.0, 295.0, 295.0, 295.0, 295.0, 295.0, 295.0, 295.0)
att_208=	c(302.0, 302.0, 300.0, 302.0, 304.0, 304.0, 304.0, 304.0, 304.0, 304.0, 304.0, 300.0, 300.0, 300.0, 300.0, 300.0)
att_209=	c(363.0, 363.0, 344.0, 351.0, 358.0, 352.0, 352.0, 352.0, 352.0, 352.0, 352.0, 352.0, 352.0, 341.0, 343.0, 343.0)
att_210=	c(277.0, 277.0, 278.0, 278.0, 278.0, 278.0, 278.0, 277.0, 302.0, 278.0, 278.0, 278.0, 279.0, 278.0, 279.0, 279.0)
att_211=	c(315.0, 315.0, 310.0, 310.0, 310.0, 310.0, 310.0, 310.0, 310.0, 310.0, 310.0, 310.0, 310.0, 315.0, 310.0, 310.0)
att_212=	c(286.0, 286.0, 286.0, 286.0, 286.0, 286.0, 286.0, 286.0, 286.0, 286.0, 286.0, 286.0, 286.0, 286.0, 286.0, 286.0)
att_213=	c(165.0, 165.0, 165.0, 165.0, 165.0, 165.0, 165.0, 165.0, 165.0, 165.0, 165.0, 165.0, 165.0, 165.0, 165.0, 165.0)
att_214=	c(274.0, 274.0, 279.0, 278.5, 278.0, 274.0, 274.0, 276.0, 279.0, 274.0, 276.0, 278.0, 277.0, 275.0, 275.0, 275.0)
att_215=	c(270.0, 270.0, 270.0, 270.0, 270.0, 270.0, 270.0, 270.0, 270.0, 270.0, 270.0, 270.0, 270.0, 270.0, 270.0, 270.0)
att_216=	c(5.8, 5.8, 5.8, 5.8, 5.8, 5.8, 5.9, 5.9, 5.9, 5.9, 5.9, 5.9, 5.9, 6.0, 6.1, 6.1)
att_217=	c(15.3, 15.3, 15.3, 15.1, 15.1, 15.0, 15.0, 15.0, 15.1, 15.1, 15.1, 15.6, 15.4, 15.3, 15.4, 15.3)
att_218=	c(18.0, 18.0, 17.7, 17.7, 18.1, 17.6, 17.6, 17.6, 18.1, 18.1, 18.1, 18.1, 18.0, 17.9, 17.9, 17.9)
att_219=	c(19.2, 19.2, 19.2, 19.2, 19.2, 19.2, 19.2, 19.2, 19.2, 19.2, 19.2, 19.2, 19.2, 19.2, 18.9, 18.9)
att_220=	c(12.9, 12.9, 12.9, 12.9, 12.9, 12.9, 12.9, 12.9, 12.9, 12.9, 12.9, 12.9, 12.9, 12.9, 12.9, 12.9)
att_221=	c(16.8, 16.8, 16.8, 16.8, 17.1, 17.1, 17.1, 17.1, 17.1, 16.8, 16.8, 16.8, 16.8, 16.8, 16.8, 16.8)
att_222=	c(10.3, 10.3, 10.3, 10.3, 10.3, 10.3, 10.3, 10.3, 10.3, 10.3, 10.3, 10.3, 10.3, 10.3, 10.3, 10.3)
att_223=	c(7.3, 7.3, 7.3, 6.5, 8.1, 8.1, 8.1, 8.1, 8.1, 8.1, 8.1, 8.1, 8.1, 8.1, 6.5, 6.5)
att_224=	c(4.3, 4.3, 4.3, 4.3, 4.3, 4.5, 4.5, 4.5, 4.5, 4.5, 4.5, 4.5, 4.4, 4.4, 4.4, 4.5)
att_225=	c(3.0, 3.0, 3.0, 3.0, 3.0, 3.0, 3.0, 3.0, 3.0, 3.0, 3.0, 3.0, 3.0, 3.0, 3.0, 3.0)
att_226=	c(7.5, 7.5, 7.0, 7.0, 7.0, 7.0, 7.0, 7.0, 7.0, 7.0, 7.0, 7.0, 7.0, 7.0, 7.0, 7.0)
att_227=	c(15.8, 15.8, 15.8, 15.8, 15.8, 15.8, 15.8, 15.8, 15.8, 15.8, 15.8, 15.8, 15.8, 15.8, 15.8, 15.8)
att_228=	c(14.9, 14.9, 15.0, 15.0, 15.0, 15.0, 15.0, 15.0, 15.2, 15.0, 15.0, 15.0, 15.0, 14.8, 15.0, 15.0)
att_229=	c(7.9, 7.9, 7.9, 7.9, 7.9, 7.9, 7.9, 7.9, 7.9, 7.9, 7.9, 7.9, 7.9, 7.9, 7.9, 7.9)
att_230=	c(12.2, 12.2, 12.3, 12.3, 12.3, 12.3, 12.3, 12.3, 12.3, 12.3, 12.3, 12.3, 12.3, 12.3, 12.3, 12.3)
att_231=	c(10.1, 10.1, 10.1, 10.1, 10.1, 10.1, 10.1, 10.1, 10.1, 10.0, 10.0, 10.0, 10.1, 9.8, 9.8, 9.4)
att_232=	c(6.4, 6.4, 6.4, 6.4, 6.4, 6.4, 6.4, 6.4, 6.6, 6.6, 6.6, 6.6, 6.6, 6.6, 6.6, 6.5)
att_233=	c(17.0, 17.0, 17.0, 17.0, 17.0, 17.0, 17.0, 17.0, 17.0, 17.0, 17.0, 17.0, 17.0, 17.0, 17.0, 17.0)
att_234=	c(9.0, 9.0, 9.0, 9.0, 9.0, 9.0, 9.0, 9.0, 9.0, 9.0, 9.0, 9.0, 9.0, 10.5, 12.0, 12.0)
att_235=	c(13.0, 13.0, 13.0, 13.0, 13.0, 14.0, 14.0, 14.0, 14.0, 14.0, 14.0, 14.0, 14.0, 14.0, 14.0, 14.0)
att_236=	c(10.0, 10.0, 10.0, 10.0, 10.0, 10.0, 10.0, 10.0, 10.0, 10.0, 10.0, 10.0, 10.0, 10.0, 10.0, 10.0)
att_237=	c(15.0, 15.0, 15.0, 15.0, 15.0, 15.0, 15.0, 15.0, 15.0, 15.0, 15.0, 15.0, 15.0, 15.0, 15.0, 15.0)
att_238=	c(43.0, 43.0, 43.0, 43.0, 43.0, 43.0, 43.0, 43.0, 43.0, 43.0, 43.0, 43.0, 43.0, 43.0, 43.0, 43.0)
att_239=	c(11.0, 11.0, 11.0, 11.0, 11.0, 11.0, 11.0, 11.0, 11.0, 11.0, 11.0, 11.0, 11.0, 11.0, 11.0, 11.0)
att_240=	c(21.0, 21.0, 20.0, 20.0, 20.0, 20.0, 20.0, 20.0, 20.0, 20.0, 21.0, 21.0, 21.0, 21.0, 21.0, 21.0)
att_241=	c(3.0, 3.0, 3.0, 3.0, 3.0, 3.0, 3.0, 3.0, 3.0, 3.0, 3.0, 3.0, 3.0, 3.0, 3.0, 3.0)
att_242=	c(12.0, 12.0, 9.6, 9.6, 10.4, 10.4, 10.4, 10.4, 10.4, 11.2, 11.2, 11.2, 9.6, 9.6, 9.6, 9.6)
att_243=	c(5.1, 5.1, 5.1, 5.1, 5.5, 5.5, 5.5, 5.5, 5.4, 5.3, 5.3, 5.3, 5.3, 5.3, 5.4, 5.4)
att_244=	c(3.0, 3.0, 3.0, 3.0, 3.0, 3.0, 3.0, 3.0, 3.0, 3.0, 3.0, 3.0, 3.0, 3.0, 3.0, 3.0)
att_245=	c(15.1, 15.1, 14.9, 14.9, 14.9, 14.9, 14.9, 14.9, 14.9, 14.9, 14.9, 14.9, 14.9, 14.9, 14.9, 14.9)
att_246=	c(12.0, 12.0, 12.0, 12.0, 12.0, 12.0, 12.0, 12.0, 12.1, 12.1, 12.1, 12.1, 12.0, 12.0, 12.0, 12.0)
att_247=	c(5.7, 5.7, 3.3, 3.3, 3.3, 3.3, 3.3, 3.3, 3.3, 3.3, 3.3, 3.3, 4.6, 4.6, 4.6, 4.6)
att_248=	c(14.7, 14.7, 14.3, 14.3, 14.3, 14.2, 14.2, 14.3, 14.2, 13.9, 14.1, 14.1, 13.9, 14.0, 14.2, 14.2)
att_249=	c(3.0, 3.0, 3.0, 3.0, 3.0, 3.0, 3.0, 3.0, 3.0, 3.0, 3.0, 3.0, 3.0, 3.0, 3.0, 3.0)
att_250=	c(1.7, 1.7, 1.7, 12.8, 1.9, 1.3, 1.3, 1.3, 1.2, 1.8, 1.6, 1.8, 13.0, 1.7, 1.7, 1.7)
att_251=	c(240.0, 240.0, 240.0, 240.0, 240.0, 240.0, 240.0, 240.0, 240.0, 240.0, 240.0, 240.0, 240.0, 240.0, 240.0, 240.0)
att_252=	c(243.0, 243.0, 243.0, 243.0, 243.0, 240.0, 240.0, 240.0, 240.0, 240.0, 240.0, 240.0, 240.0, 240.0, 240.0, 240.0)
att_253=	c(215.0, 215.0, 215.0, 215.0, 215.0, 215.0, 215.0, 215.0, 215.0, 215.0, 215.0, 215.0, 215.0, 215.0, 215.0, 215.0)
att_254=	c(245.0, 245.0, 245.0, 245.0, 245.0, 250.0, 250.0, 250.0, 250.0, 250.0, 250.0, 250.0, 250.0, 250.0, 250.0, 250.0)
att_255=	c(390.0, 390.0, 390.0, 390.0, 390.0, 390.0, 390.0, 390.0, 390.0, 390.0, 390.0, 390.0, 390.0, 390.0, 390.0, 390.0)
att_256=	c(324.0, 324.0, 325.0, 325.5, 326.0, 330.0, 330.0, 330.0, 330.0, 330.0, 330.0, 330.0, 330.0, 330.0, 330.0, 330.0)
att_257=	c(315.0, 315.0, 296.0, 296.0, 296.0, 300.0, 300.0, 300.0, 300.0, 300.0, 300.0, 300.0, 300.0, 300.0, 300.0, 300.0)
att_258=	c(215.0, 215.0, 215.0, 215.0, 215.0, 215.0, 215.0, 215.0, 215.0, 215.0, 215.0, 215.0, 215.0, 215.0, 215.0, 215.0)
att_259=	c(5.6, 5.6, 5.4, 5.4, 5.4, 5.4, 5.4, 5.4, 5.5, 5.5, 5.5, 5.5, 5.5, 5.5, 5.5, 5.5)
att_260=	c(15.3, 15.4, 18.4, 18.4, 18.4, 16.85, 15.3, 15.3, 16.6, 15.7, 15.7, 15.8, 15.7, 16.6, 15.8, 15.9)
att_261=	c(6.6, 6.6, 6.6, 6.6, 6.8, 6.8, 6.8, 6.8, 6.8, 6.8, 6.8, 6.8, 6.8, 6.8, 6.8, 6.8)
att_262=	c(12.7, 12.7, 12.7, 12.7, 12.7, 12.7, 12.7, 12.7, 12.7, 12.7, 12.7, 12.7, 12.7, 12.7, 12.7, 12.3)
att_263=	c(10.5, 10.5, 10.5, 10.5, 10.3, 10.3, 10.3, 10.3, 10.3, 10.3, 10.3, 10.3, 10.5, 10.5, 10.5, 10.5)
att_264=	c(27.0, 27.0, 27.0, 27.0, 27.0, 27.0, 27.0, 27.0, 27.0, 27.0, 27.0, 27.0, 27.0, 27.0, 27.0, 27.0)
att_265=	c(29.0, 29.0, 29.0, 29.0, 29.0, 29.0, 29.0, 29.0, 29.0, 29.0, 29.0, 29.0, 29.0, 29.0, 29.0, 29.0)
att_266=	c(12.0, 12.0, 12.0, 12.0, 12.0, 12.0, 12.0, 12.0, 12.0, 12.0, 12.0, 12.0, 12.0, 12.0, 12.0, 12.0)
att_267=	c(18.0, 18.0, 18.0, 18.0, 18.0, 19.0, 18.0, 18.0, 18.0, 18.0, 18.0, 18.0, 18.0, 18.0, 18.0, 18.0)
att_268=	c(20.0, 20.0, 20.0, 20.0, 20.0, 20.0, 20.0, 20.0, 20.0, 20.0, 20.0, 20.0, 20.0, 20.0, 20.0, 20.0)
att_269=	c(23.0, 23.0, 23.0, 23.0, 23.0, 23.0, 23.0, 23.0, 23.0, 23.0, 23.0, 23.0, 24.0, 23.0, 27.0, 27.0)
att_270=	c(27.0, 27.0, 27.0, 27.0, 27.0, 27.0, 27.0, 27.0, 27.0, 28.0, 28.0, 28.0, 28.0, 28.0, 28.0, 28.0)
att_271=	c(34.0, 34.0, 34.0, 34.0, 34.0, 34.0, 30.0, 30.0, 30.0, 30.0, 30.0, 30.0, 30.0, 30.0, 30.0, 30.0)
att_272=	c(14.4, 14.6, 14.7, 14.7, 14.3, 14.3, 14.3, 14.2, 14.6, 14.3, 14.3, 14.3, 14.3, 14.4, 14.5, 14.7)
att_273=	c(14.2, 14.2, 14.2, 14.2, 14.1, 14.2, 14.3, 14.2, 14.2, 14.0, 14.3, 14.5, 14.3, 14.2, 14.3, 14.1)
att_274=	c(5.0, 5.0, 5.0, 5.0, 5.0, 5.0, 5.0, 5.0, 5.0, 5.0, 5.0, 5.0, 5.0, 5.0, 5.0, 5.0)
att_275=	c(5.0, 5.0, 5.0, 5.0, 5.0, 5.0, 5.0, 5.0, 5.0, 5.0, 5.0, 5.0, 5.0, 5.0, 5.0, 5.0)
att_276=	c(1.0, 1.0, 1.0, 1.0, 1.0, 1.0, 1.0, 1.0, 1.0, 1.0, 1.0, 1.0, 1.0, 1.0, 1.0, 1.0)
att_277=	c(10.0, 10.0, 10.0, 10.0, 10.0, 10.0, 10.0, 10.0, 10.0, 10.0, 10.0, 10.0, 10.0, 10.0, 10.0, 10.0)
att_278=	c(10.0, 10.0, 10.0, 10.0, 10.0, 10.0, 10.0, 10.0, 10.0, 10.0, 10.0, 10.0, 11.0, 11.0, 11.0, 11.0)
att_279=	c(7.2, 7.2, 7.2, 7.2, 7.2, 7.2, 7.2, 7.1, 7.1, 7.1, 7.1, 7.1, 7.1, 7.1, 7.1, 7.1)
att_280=	c(12.0, 12.0, 12.0, 12.0, 12.0, 12.0, 12.0, 12.0, 12.0, 12.0, 12.0, 12.0, 12.0, 12.0, 12.0, 12.0)
att_281=	c(10.0, 10.0, 10.0, 10.0, 10.0, 10.0, 10.0, 10.0, 10.0, 10.0, 10.0, 10.0, 10.0, 10.0, 10.0, 10.0)
att_282=	c(16.1, 16.1, 16.1, 16.1, 16.1, 16.1, 16.1, 16.1, 16.1, 16.1, 16.1, 16.1, 16.1, 16.1, 16.1, 16.1)
att_283=	c(5.9, 5.9, 5.9, 5.9, 5.9, 5.9, 5.9, 5.9, 6.0, 6.0, 6.2, 6.2, 5.9, 5.9, 6.1, 5.9)
att_284=	c(1.6, 1.6, 1.6, 1.6, 1.6, 1.6, 1.6, 1.6, 1.6, 1.6, 1.6, 1.6, 1.6, 1.6, 1.6, 1.6)
att_285=	c(7.3, 7.3, 8.1, 7.3, 7.3, 7.3, 8.1, 8.1, 7.3, 8.1, 8.1, 8.1, 7.3, 7.3, 7.3, 7.3)
att_286=	c(18.4, 18.4, 18.4, 18.3, 18.4, 18.2, 18.4, 18.4, 18.4, 18.4, 18.4, 18.4, 18.4, 18.4, 18.4, 18.4)
att_287=	c(1.9, 1.9, 1.9, 1.9, 1.9, 1.9, 1.9, 1.9, 1.9, 11.8, 11.8, 11.8, 2.0, 2.0, 2.0, 2.0)
att_288=	c(2.9, 2.9, 2.9, 2.9, 2.9, 2.9, 2.9, 2.95, 3.0, 3.0, 3.0, 2.9, 2.9, 2.9, 2.9, 2.9)
att_289=	c(11.3, 11.3, 11.3, 11.3, 11.3, 11.3, 11.3, 11.3, 11.3, 11.3, 11.3, 11.3, 11.3, 11.3, 11.3, 11.6)
att_290=	c(240.0, 235.0, 240.0, 240.0, 240.0, 240.0, 235.0, 235.0, 235.0, 235.0, 240.0, 240.0, 240.0, 235.0, 235.0, 235.0)
att_291=	c(310.0, 310.0, 310.0, 310.0, 310.0, 310.0, 310.0, 310.0, 310.0, 310.0, 310.0, 310.0, 310.0, 310.0, 310.0, 310.0)
att_292=	c(365.0, 370.0, 370.0, 370.0, 370.0, 370.0, 365.0, 365.0, 365.0, 365.0, 370.0, 365.0, 370.0, 365.0, 365.0, 365.0)
att_293=	c(358.0, 358.0, 358.0, 358.0, 358.0, 359.0, 360.0, 360.0, 360.0, 360.0, 360.0, 360.0, 360.0, 360.0, 360.0, 360.0)
att_294=	c(351.0, 351.0, 351.0, 351.0, 350.5, 350.0, 350.0, 350.0, 350.0, 350.0, 350.0, 350.0, 350.0, 350.0, 350.0, 350.0)
att_295=	c(275.0, 270.0, 270.0, 270.0, 270.0, 270.0, 270.0, 270.0, 272.5, 275.0, 275.0, 275.0, 275.0, 275.0, 275.0, 275.0)
att_296=	c(295.0, 295.0, 295.0, 295.0, 295.0, 295.0, 295.0, 295.0, 295.0, 295.0, 295.0, 295.0, 295.0, 295.0, 295.0, 295.0)
att_297=	c(227.0, 227.0, 227.0, 227.0, 228.5, 230.0, 230.0, 230.0, 230.0, 230.0, 230.0, 230.0, 230.0, 230.0, 230.0, 230.0)
att_298=	c(170.0, 165.0, 165.0, 165.0, 167.5, 170.0, 170.0, 170.0, 170.0, 170.0, 170.0, 170.0, 170.0, 170.0, 170.0, 170.0)
att_299=	c(375.0, 375.0, 375.0, 375.0, 357.5, 340.0, 340.0, 340.0, 340.0, 340.0, 340.0, 340.0, 340.0, 340.0, 340.0, 340.0)
att_300=	c(135.0, 135.0, 135.0, 135.0, 135.0, 135.0, 135.0, 135.0, 135.0, 135.0, 135.0, 135.0, 135.0, 135.0, 135.0, 135.0)
att_301=	c(160.0, 165.0, 165.0, 165.0, 165.0, 162.5, 160.0, 160.0, 165.0, 160.0, 160.0, 160.0, 160.0, 160.0, 160.0, 160.0)
att_302=	c(95.0, 95.0, 95.0, 95.0, 95.0, 95.0, 95.0, 95.0, 95.0, 95.0, 95.0, 95.0, 95.0, 95.0, 95.0, 95.0)
att_303=	c(90.0, 90.0, 90.0, 90.0, 90.0, 90.0, 90.0, 90.0, 90.0, 90.0, 90.0, 90.0, 85.0, 85.0, 85.0, 85.0)
att_304=	c(100.0, 100.0, 100.0, 100.0, 100.0, 100.0, 100.0, 100.0, 100.0, 100.0, 100.0, 100.0, 100.0, 100.0, 100.0, 100.0)
att_305=	c(60.0, 55.0, 50.0, 50.0, 50.0, 50.0, 50.0, 50.0, 50.0, 50.0, 55.0, 55.0, 55.0, 55.0, 55.0, 55.0)
att_306=	c(80.0, 80.0, 80.0, 80.0, 85.0, 85.0, 85.0, 80.0, 80.0, 80.0, 80.0, 80.0, 80.0, 80.0, 82.5, 85.0)
att_307=	c(140.0, 140.0, 140.0, 140.0, 140.0, 140.0, 140.0, 140.0, 140.0, 140.0, 140.0, 140.0, 140.0, 140.0, 140.0, 140.0)
att_308=	c(95.0, 95.0, 95.0, 95.0, 95.0, 95.0, 95.0, 95.0, 95.0, 95.0, 95.0, 95.0, 95.0, 95.0, 89.0, 89.0)
att_309=	c(326.0, 326.0, 326.0, 326.0, 326.0, 326.0, 366.0, 376.0, 376.0, 370.0, 371.0, 371.0, 149.0, 149.0, 374.0, 148.0)
att_310=	c(30.0, 30.0, 30.0, 30.0, 30.0, 30.0, 30.0, 30.0, 30.0, 30.0, 30.0, 30.0, 30.0, 30.0, 30.0, 30.0)
att_311=	c(182.0, 182.0, 182.0, 182.0, 182.0, 182.0, 182.0, 182.0, 182.0, 182.0, 182.0, 182.0, 182.0, 182.0, 182.0, 182.0)
att_312=	c(178.0, 178.0, 188.0, 188.0, 188.0, 188.0, 188.0, 188.0, 189.0, 185.0, 183.0, 183.0, 183.0, 183.0, 183.0, 183.0)
att_313=	c(190.0, 190.0, 190.0, 190.0, 190.0, 190.0, 190.0, 190.0, 190.0, 191.0, 191.0, 192.0, 192.0, 192.0, 191.0, 191.0)
att_314=	c(199.0, 199.0, 199.0, 199.0, 199.0, 199.0, 199.0, 199.0, 199.0, 199.0, 199.0, 199.0, 199.0, 199.0, 199.0, 199.0)
att_315=	c(207.0, 207.0, 207.0, 208.0, 209.0, 208.0, 209.0, 207.0, 206.0, 207.0, 208.0, 209.0, 209.0, 208.0, 207.0, 207.0)
att_316=	c(15.0, 15.0, 15.0, 15.0, 15.0, 15.0, 15.0, 16.0, 15.0, 15.0, 15.0, 16.0, 15.0, 15.0, 16.0, 15.0)
att_317=	c(15.0, 15.0, 15.0, 15.0, 15.0, 15.0, 15.0, 15.0, 15.0, 15.0, 15.0, 15.0, 15.0, 15.0, 15.0, 15.0)
att_318=	c(19.0, 19.0, 19.0, 19.0, 19.0, 19.0, 19.0, 19.0, 19.0, 19.0, 19.0, 19.0, 19.0, 18.0, 18.0, 18.0)
att_319=	c(22.0, 22.0, 22.0, 22.0, 22.0, 22.0, 22.0, 22.0, 22.0, 22.0, 22.0, 22.0, 22.0, 22.0, 22.0, 22.0)
att_320=	c(8.0, 8.0, 8.0, 8.0, 8.0, 8.0, 8.0, 8.0, 8.0, 8.0, 8.0, 8.0, 8.0, 8.0, 8.0, 8.0)
att_321=	c(9.0, 9.0, 8.8, 8.6, 8.6, 8.8, 9.0, 9.0, 9.0, 8.9, 9.0, 8.8, 9.0, 9.0, 9.0, 9.0)
att_322=	c(7.5, 7.6, 7.6, 7.6, 7.5, 7.5, 7.5, 7.5, 7.5, 7.5, 7.5, 7.5, 7.5, 7.5, 7.5, 7.5)
att_323=	c(15.3, 15.2, 15.3, 15.3, 15.4, 15.35, 15.3, 15.3, 15.3, 15.3, 15.3, 15.3, 15.3, 15.3, 15.3, 15.3)
att_324=	c(1.6, 2.0, 2.0, 2.0, 2.0, 2.0, 2.0, 2.0, 2.0, 2.0, 2.0, 2.0, 2.0, 2.0, 2.0, 2.0)
att_325=	c(179.0, 179.0, 179.0, 178.0, 177.0, 177.0, 177.0, 177.0, 177.0, 177.0, 177.0, 177.0, 177.0, 178.0, 179.0, 179.0)
att_326=	c(194.0, 194.0, 184.0, 184.0, 184.0, 194.0, 189.0, 189.0, 189.0, 229.0, 190.0, 294.0, 189.0, 191.5, 194.0, 194.0)
att_327=	c(135.0, 135.0, 136.0, 167.0, 198.0, 198.0, 199.0, 199.0, 198.0, 40.0, 136.0, 136.0, 134.0, 134.0, 134.0, 136.0)
att_328=	c(295.0, 295.0, 295.0, 295.0, 295.0, 295.0, 295.0, 295.0, 288.0, 295.0, 295.0, 295.0, 295.0, 295.0, 295.0, 295.0)
att_329=	c(340.0, 340.0, 340.0, 340.0, 340.0, 340.0, 340.0, 340.0, 340.0, 340.0, 340.0, 340.0, 340.0, 340.0, 340.0, 340.0)
att_330=	c(353.0, 353.0, 356.0, 357.0, 358.0, 378.0, 354.0, 354.0, 350.0, 40.0, 354.0, 352.0, 353.0, 354.0, 355.0, 379.0)
att_331=	c(312.0, 312.0, 312.0, 274.0, 236.0, 243.0, 312.0, 243.0, 236.0, 236.0, 236.0, 243.0, 243.0, 239.5, 236.0, 240.0)
att_332=	c(275.0, 275.0, 275.0, 275.0, 275.0, 275.0, 275.0, 275.0, 275.0, 275.0, 275.0, 275.0, 275.0, 275.0, 275.0, 275.0)
att_333=	c(353.0, 353.0, 353.0, 353.0, 353.0, 360.0, 353.0, 353.0, 353.0, 353.0, 353.0, 353.0, 353.0, 353.0, 353.0, 353.0)
att_334=	c(218.0, 218.0, 218.0, 218.0, 218.0, 218.0, 218.0, 218.0, 218.0, 218.0, 218.0, 218.0, 218.0, 218.0, 218.0, 218.0)
att_335=	c(265.0, 265.0, 265.0, 265.0, 265.0, 265.0, 265.0, 265.0, 265.0, 265.0, 265.0, 265.0, 265.0, 270.0, 270.0, 265.0)
att_336=	c(160.0, 160.0, 160.0, 160.0, 160.0, 160.0, 160.0, 160.0, 160.0, 160.0, 160.0, 160.0, 160.0, 160.0, 160.0, 160.0)
att_337=	c(510.0, 510.0, 510.0, 510.0, 510.0, 510.0, 510.0, 510.0, 510.0, 510.0, 495.0, 510.0, 510.0, 510.0, 510.0, 510.0)
att_338=	c(295.0, 290.0, 290.0, 290.0, 290.0, 290.0, 290.0, 290.0, 295.0, 295.0, 295.0, 295.0, 295.0, 295.0, 295.0, 295.0)
att_339=	c(275.0, 275.0, 270.0, 270.0, 270.0, 270.0, 270.0, 270.0, 270.0, 275.0, 275.0, 275.0, 275.0, 275.0, 275.0, 275.0)
att_340=	c(135.0, 135.0, 130.0, 130.0, 135.0, 135.0, 135.0, 135.0, 135.0, 135.0, 135.0, 135.0, 135.0, 135.0, 135.0, 135.0)
att_341=	c(120.0, 120.0, 120.0, 120.0, 120.0, 120.0, 120.0, 120.0, 120.0, 120.0, 120.0, 120.0, 120.0, 120.0, 120.0, 120.0)
att_342=	c(420.0, 420.0, 420.0, 420.0, 420.0, 420.0, 420.0, 420.0, 420.0, 420.0, 420.0, 420.0, 420.0, 415.0, 420.0, 420.0)
att_343=	c(290.0, 290.0, 290.0, 290.0, 290.0, 290.0, 290.0, 290.0, 290.0, 290.0, 290.0, 290.0, 290.0, 290.0, 290.0, 290.0)
att_344=	c(8.2, 8.2, 8.2, 8.2, 8.2, 8.2, 8.2, 8.2, 8.2, 8.2, 8.2, 8.2, 8.2, 8.2, 7.9, 7.2)
att_345=	c(10.4, 10.4, 10.4, 10.4, 10.4, 10.4, 10.4, 10.4, 10.4, 10.4, 10.4, 10.1, 10.5, 10.5, 10.5, 10.5)
att_346=	c(10.5, 10.5, 10.5, 10.5, 10.5, 10.5, 10.5, 10.5, 10.5, 10.5, 10.5, 10.5, 10.5, 10.6, 10.5, 10.5)
att_347=	c(8.2, 8.2, 8.4, 8.2, 8.6, 8.4, 8.4, 8.3, 8.4, 8.3, 8.5, 8.6, 8.7, 8.7, 8.7, 8.7)
att_348=	c(11.9, 11.9, 11.9, 11.6, 11.6, 11.6, 11.6, 11.6, 11.6, 11.6, 11.6, 11.6, 11.6, 11.6, 11.6, 11.6)
att_349=	c(8.0, 8.0, 8.05, 8.1, 8.0, 8.0, 8.0, 8.0, 8.0, 8.0, 8.2, 8.4, 8.3, 8.2, 8.4, 8.4)
att_350=	c(6.5, 6.5, 6.5, 6.5, 6.5, 6.5, 6.5, 6.5, 6.5, 6.5, 6.5, 6.5, 6.5, 6.5, 6.5, 6.5)
att_351=	c(10.2, 10.2, 10.2, 10.2, 10.2, 10.2, 10.1, 10.1, 10.1, 10.1, 10.1, 10.1, 10.1, 10.1, 10.1, 10.1)
att_352=	c(14.9, 14.9, 14.6, 14.2, 14.3, 14.7, 14.7, 18.9, 18.9, 18.9, 18.9, 18.9, 18.9, 18.9, 14.3, 15.9)
att_353=	c(4.0, 4.0, 4.0, 4.0, 7.1, 7.1, 7.1, 7.1, 7.1, 4.9, 4.9, 4.9, 4.9, 4.9, 4.9, 5.1)
att_354=	c(6.8, 6.8, 6.8, 6.8, 6.9, 6.9, 6.9, 6.9, 6.9, 6.9, 6.9, 6.9, 6.9, 6.9, 6.9, 6.9)
att_355=	c(10.0, 9.9, 9.9, 9.9, 9.9, 9.9, 9.9, 9.9, 9.9, 9.9, 9.9, 9.9, 9.9, 9.9, 9.9, 9.9)
att_356=	c(14.3, 14.2, 14.2, 14.2, 14.2, 14.25, 14.3, 14.3, 14.3, 14.3, 14.3, 14.3, 14.3, 14.1, 14.1, 14.1)
att_357=	c(11.1, 11.0, 11.0, 11.0, 11.0, 11.0, 11.0, 11.0, 11.0, 11.0, 11.0, 11.0, 11.0, 11.0, 11.0, 11.0)
att_358=	c(8.3, 8.3, 8.3, 8.3, 8.3, 8.3, 8.3, 8.3, 8.3, 8.3, 8.3, 8.3, 8.4, 8.3, 8.3, 8.3)
att_359=	c(14.3, 14.2, 14.2, 14.4, 14.4, 14.4, 14.4, 14.4, 14.4, 14.4, 14.4, 14.4, 14.4, 14.2, 14.2, 14.2)
att_360=	c(4.0, 4.0, 4.0, 4.0, 4.0, 4.0, 4.0, 4.0, 4.0, 4.0, 4.0, 4.0, 4.0, 4.0, 4.0, 4.0)
att_361=	c(8.0, 8.0, 8.0, 8.0, 8.0, 8.0, 8.0, 8.0, 8.0, 8.0, 8.0, 8.0, 8.0, 8.0, 8.0, 8.0)
att_362=	c(9.0, 9.0, 9.0, 9.0, 9.0, 9.0, 8.0, 8.0, 9.0, 8.0, 8.0, 8.0, 8.0, 8.0, 8.0, 8.0)
att_363=	c(9.0, 9.0, 9.0, 9.0, 9.0, 9.0, 9.0, 9.0, 9.0, 9.0, 9.0, 9.0, 9.0, 9.0, 9.0, 9.0)
att_364=	c(13.0, 13.0, 13.0, 13.0, 13.0, 13.0, 13.0, 13.0, 13.0, 13.0, 13.0, 13.0, 13.0, 13.0, 13.0, 13.0)
att_365=	c(6.0, 6.0, 6.0, 6.0, 6.0, 6.0, 6.0, 6.0, 6.0, 6.0, 6.0, 6.0, 6.0, 6.0, 6.0, 6.0)
att_366=	c(6.0, 6.0, 6.0, 6.0, 6.0, 6.0, 6.0, 6.0, 6.0, 6.0, 6.0, 6.0, 6.0, 6.0, 6.0, 6.0)
att_367=	c(13.0, 13.0, 13.0, 12.0, 12.0, 12.0, 12.0, 11.0, 13.0, 13.0, 11.0, 11.0, 11.0, 11.0, 12.0, 12.0)
att_368=	c(243.0, 243.0, 241.0, 241.0, 241.0, 241.0, 241.0, 241.0, 241.0, 240.0, 240.0, 240.0, 240.0, 240.0, 240.0, 240.0)
att_369=	c(313.0, 313.0, 313.0, 313.0, 313.0, 313.0, 313.0, 313.0, 313.0, 313.0, 313.0, 313.0, 313.0, 313.0, 313.0, 313.0)
att_370=	c(226.0, 226.0, 226.0, 226.0, 226.0, 226.0, 226.0, 226.0, 233.0, 233.0, 233.0, 226.0, 226.0, 226.0, 226.0, 226.0)
att_371=	c(130.0, 130.0, 130.0, 130.0, 130.0, 130.0, 130.0, 130.0, 130.0, 130.0, 130.0, 130.0, 130.0, 130.0, 130.0, 130.0)
att_372=	c(208.0, 208.0, 206.0, 206.0, 210.0, 210.0, 210.0, 210.0, 210.0, 210.0, 210.0, 210.0, 210.0, 210.0, 210.0, 210.0)
att_373=	c(178.0, 178.0, 176.0, 176.0, 176.0, 176.0, 176.0, 175.0, 175.0, 175.0, 175.0, 175.0, 175.0, 175.0, 175.0, 175.0)
att_374=	c(106.0, 106.0, 106.0, 108.0, 108.0, 108.0, 108.0, 108.0, 108.0, 108.0, 108.0, 108.0, 108.0, 108.0, 108.0, 108.0)
att_375=	c(300.0, 303.0, 301.0, 298.0, 303.0, 303.0, 303.0, 303.0, 303.0, 303.0, 303.0, 303.0, 303.0, 303.0, 302.0, 301.0)
att_376=	c(176.0, 176.0, 176.0, 176.0, 176.0, 176.0, 176.0, 176.0, 176.0, 176.0, 176.0, 176.0, 176.0, 176.0, 176.0, 176.0)
att_377=	c(15.5, 15.5, 15.5, 15.5, 15.5, 15.5, 15.5, 15.5, 15.5, 15.5, 15.5, 15.5, 15.5, 15.5, 15.5, 15.5)
att_378=	c(25.7, 25.7, 25.7, 11.5, 11.3, 13.25, 15.2, 13.1, 11.3, 18.8, 9.3, 9.3, 9.3, 9.4, 9.4, 9.4)
att_379=	c(12.9, 12.9, 12.9, 12.9, 12.9, 12.9, 12.9, 12.9, 12.9, 12.9, 12.9, 13.0, 13.0, 13.0, 13.0, 13.0)
att_380=	c(12.8, 12.8, 12.8, 12.8, 12.8, 12.8, 12.8, 12.8, 12.8, 12.8, 12.8, 12.0, 12.0, 12.0, 12.0, 12.0)
att_381=	c(9.9, 9.9, 9.9, 9.9, 9.9, 9.9, 9.9, 9.9, 9.9, 9.9, 9.9, 9.9, 10.0, 10.0, 10.0, 10.0)
att_382=	c(11.7, 11.7, 11.7, 11.8, 11.8, 11.8, 11.8, 11.8, 11.8, 11.8, 11.8, 11.8, 11.8, 11.8, 11.8, 11.8)
att_383=	c(7.3, 7.3, 7.2, 7.2, 7.2, 7.2, 7.2, 7.2, 7.2, 7.2, 7.2, 7.2, 7.2, 7.2, 7.2, 7.2)
att_384=	c(6.5, 6.5, 6.5, 6.5, 6.5, 6.5, 6.5, 6.6, 6.5, 6.5, 6.5, 6.5, 6.6, 6.6, 6.6, 6.6)
att_385=	c(17.7, 17.7, 17.7, 17.7, 17.7, 17.7, 17.7, 17.7, 17.8, 17.7, 17.7, 18.65, 19.6, 18.4, 17.7, 18.2)
att_386=	c(6.4, 6.4, 6.4, 6.4, 6.4, 6.4, 6.4, 6.4, 6.4, 6.4, 6.4, 6.4, 6.4, 6.4, 6.4, 6.4)
att_387=	c(1.2, 1.2, 1.6, 1.6, 1.6, 1.6, 1.6, 1.6, 1.6, 1.6, 1.6, 1.6, 1.6, 1.6, 1.6, 1.6)
att_388=	c(3.0, 3.0, 3.0, 3.0, 3.0, 3.0, 3.0, 3.0, 3.0, 3.0, 3.0, 3.0, 3.0, 3.7, 3.7, 3.7)
att_389=	c(7.3, 7.3, 7.3, 7.3, 7.3, 7.3, 7.3, 7.3, 7.3, 7.3, 7.3, 7.3, 7.3, 7.3, 7.3, 7.3)
att_390=	c(10.5, 10.5, 10.5, 10.5, 10.5, 10.5, 10.5, 10.5, 10.5, 10.5, 10.5, 10.5, 10.5, 10.0, 10.0, 10.0)
att_391=	c(18.6, 18.6, 19.5, 19.5, 19.5, 19.5, 19.5, 19.5, 19.5, 20.0, 20.0, 19.6, 20.0, 3.0, 3.0, 3.0)
att_392=	c(8.4, 8.4, 8.4, 8.4, 8.4, 8.4, 8.4, 8.4, 8.4, 8.4, 8.4, 8.4, 8.4, 8.4, 8.4, 8.4)
att_393=	c(305.0, 305.0, 305.0, 305.0, 305.0, 305.0, 305.0, 305.0, 305.0, 305.0, 305.0, 305.0, 305.0, 305.0, 305.0, 305.0)
att_394=	c(400.0, 400.0, 390.0, 390.0, 390.0, 390.0, 390.0, 390.0, 390.0, 390.0, 390.0, 400.0, 400.0, 400.0, 400.0, 400.0)
att_395=	c(12.1, 12.1, 12.1, 12.1, 12.1, 12.1, 12.1, 12.1, 12.1, 12.1, 12.0, 11.9, 11.9, 11.9, 11.9, 11.9)
att_396=	c(9.0, 9.0, 9.0, 9.0, 9.0, 9.0, 9.0, 9.0, 9.0, 9.0, 9.0, 9.0, 9.0, 9.0, 6.9, 6.9)
att_397=	c(6.4, 6.4, 6.4, 6.4, 6.4, 6.4, 6.4, 6.4, 6.4, 6.4, 6.4, 6.4, 6.4, 6.4, 6.4, 6.4)
att_398=	c(7.3, 7.3, 7.3, 7.3, 7.3, 7.3, 7.3, 7.3, 7.3, 7.3, 7.3, 7.3, 7.3, 7.3, 7.3, 7.3)
att_399=	c(3.3, 3.2, 3.2, 3.2, 3.2, 3.2, 3.2, 3.2, 3.2, 3.4, 3.2, 3.5, 3.4, 3.4, 3.5, 3.3)
att_400=	c(7.0, 7.0, 7.0, 7.0, 7.0, 7.0, 7.0, 7.0, 7.0, 7.0, 7.0, 7.0, 7.0, 7.0, 7.0, 7.0)
att_401=	c(2.8, 2.8, 2.8, 2.85, 2.9, 2.9, 2.9, 2.9, 2.9, 2.9, 2.9, 2.9, 2.85, 2.8, 3.0, 3.0)
att_402=	c(0.3, 0.3, 0.3, 0.3, 0.3, 0.3, 0.3, 0.3, 0.3, 0.4, 0.4, 0.4, 0.4, 0.4, 0.4, 0.4)
att_403=	c(3.0, 3.0, 3.0, 3.0, 3.0, 3.0, 3.0, 3.0, 3.0, 3.0, 3.0, 3.0, 3.0, 3.0, 3.0, 3.0)
att_404=	c(6.8, 6.8, 6.8, 6.9, 6.9, 6.9, 6.9, 6.9, 6.9, 6.8, 6.8, 6.8, 6.8, 6.8, 34.3, 6.9)
att_405=	c(11.7, 11.7, 11.7, 11.6, 11.6, 11.6, 11.6, 11.6, 11.6, 11.6, 11.7, 12.0, 12.0, 12.0, 12.0, 12.0)
att_406=	c(4.8, 4.8, 4.8, 4.6, 4.6, 4.6, 4.6, 4.8, 4.6, 4.7, 3.5, 6.0, 6.0, 6.0, 6.0, 6.0)
att_407=	c(2.8, 2.8, 2.8, 2.8, 2.8, 2.8, 2.8, 2.8, 2.8, 2.8, 2.8, 2.8, 2.8, 2.8, 2.8, 2.8)
att_408=	c(9.7, 9.7, 9.7, 9.7, 9.7, 9.7, 9.7, 9.7, 9.7, 9.7, 9.7, 9.4, 9.4, 9.4, 9.4, 9.4)
att_409=	c(18.3, 18.3, 18.3, 18.3, 18.3, 18.3, 18.3, 18.3, 18.3, 18.3, 18.3, 18.3, 18.3, 18.3, 18.6, 18.6)
att_410=	c(8.1, 8.1, 8.1, 8.1, 8.1, 8.1, 8.1, 8.1, 8.1, 8.1, 8.1, 8.1, 8.1, 8.1, 8.1, 8.1)
att_411=	c(9.4, 9.4, 9.4, 9.4, 9.4, 9.4, 9.6, 9.7, 9.7, 9.7, 9.7, 9.7, 9.7, 9.7, 9.7, 9.7)
att_412=	c(9.6, 9.6, 9.6, 9.6, 9.6, 9.6, 9.6, 9.6, 9.6, 9.6, 9.6, 9.6, 9.6, 9.6, 9.6, 9.6)
att_413=	c(14.5, 14.5, 14.0, 14.0, 14.0, 14.0, 14.25, 14.5, 15.0, 15.0, 15.0, 15.0, 15.0, 15.0, 15.0, 14.5)
att_414=	c(9.9, 9.9, 8.0, 8.15, 8.3, 8.3, 8.3, 8.3, 8.3, 8.3, 8.3, 8.8, 8.5, 8.5, 8.4, 8.5)
att_415=	c(7.2, 7.2, 5.2, 5.2, 5.2, 5.2, 5.2, 5.2, 5.2, 5.4, 5.4, 5.4, 5.4, 5.4, 5.4, 5.4)
att_416=	c(8.7, 8.7, 8.6, 8.6, 8.6, 8.6, 8.6, 8.65, 8.7, 8.6, 8.6, 8.6, 8.6, 8.6, 8.6, 8.6)
att_417=	c(12.1, 12.1, 12.2, 12.2, 12.2, 12.2, 12.2, 12.2, 12.2, 12.2, 12.2, 12.2, 12.2, 12.2, 12.2, 12.2)
att_418=	c(21.2, 21.2, 20.7, 20.7, 20.7, 20.7, 20.7, 20.7, 20.7, 20.7, 20.7, 20.7, 20.7, 20.7, 20.7, 20.7)
att_419=	c(8.6, 8.6, 8.4, 8.5, 8.6, 8.6, 8.6, 8.6, 8.6, 8.6, 8.7, 8.7, 8.7, 8.7, 8.7, 8.7)
att_420=	c(6.8, 6.7, 6.7, 6.75, 6.8, 6.8, 6.9, 6.8, 6.8, 6.9, 6.9, 6.1, 6.9, 6.9, 6.9, 6.9)
att_421=	c(9.0, 9.0, 8.6, 8.6, 8.6, 8.6, 8.6, 8.6, 8.6, 8.6, 8.6, 8.6, 8.6, 8.6, 8.6, 8.6)
att_422=	c(216.0, 216.0, 216.0, 216.0, 216.0, 216.0, 216.0, 216.0, 216.0, 216.0, 216.0, 216.0, 217.0, 218.0, 218.0, 218.0)
att_423=	c(128.0, 128.0, 130.0, 130.0, 130.0, 129.0, 128.0, 128.0, 128.0, 128.0, 128.0, 128.0, 128.0, 128.0, 128.0, 128.0)
att_424=	c(255.0, 255.0, 255.0, 250.0, 255.0, 255.0, 255.0, 260.0, 260.0, 245.0, 247.5, 250.0, 250.0, 250.0, 250.0, 250.0)
att_425=	c(243.0, 250.0, 250.5, 251.0, 238.0, 239.5, 241.0, 240.5, 240.0, 240.0, 240.0, 240.0, 240.0, 240.0, 240.0, 240.0)
att_426=	c(118.0, 116.0, 116.0, 116.0, 116.0, 116.0, 116.0, 116.0, 116.0, 116.0, 116.0, 116.0, 116.0, 118.0, 118.0, 118.0)
att_427=	c(38.0, 38.0, 38.0, 38.0, 38.0, 39.5, 41.0, 41.0, 41.0, 41.0, 41.0, 41.0, 41.0, 41.0, 41.0, 41.0)
att_428=	c(93.0, 93.0, 93.0, 96.0, 96.0, 95.5, 95.0, 93.0, 93.0, 93.0, 93.0, 93.0, 93.0, 103.0, 103.0, 103.0)
att_429=	c(220.0, 220.0, 220.0, 220.0, 220.0, 220.0, 220.0, 220.0, 220.0, 220.0, 220.0, 220.0, 220.0, 220.0, 220.0, 220.0)
att_430=	c(2.9, 2.9, 2.9, 2.9, 2.9, 2.9, 2.9, 2.9, 2.9, 2.9, 3.0, 2.8, 2.8, 2.8, 2.8, 2.8)
att_431=	c(7.8, 7.8, 7.8, 7.7, 7.7, 7.7, 7.7, 7.9, 7.9, 7.9, 8.0, 8.1, 8.1, 7.8, 7.8, 7.8)
att_432=	c(7.2, 7.2, 7.2, 7.2, 7.2, 7.2, 7.5, 7.1, 7.1, 7.1, 7.1, 7.1, 7.1, 7.1, 7.1, 7.1)
att_433=	c(13.1, 13.1, 13.1, 13.1, 13.1, 13.1, 13.1, 13.1, 13.1, 13.1, 13.1, 13.1, 13.1, 13.1, 13.1, 13.1)
att_434=	c(13.6, 13.6, 13.6, 13.6, 13.6, 13.6, 13.6, 13.6, 13.5, 13.5, 13.5, 13.5, 13.5, 13.7, 13.7, 13.7)
att_435=	c(7.8, 7.8, 7.7, 7.7, 7.7, 7.7, 7.7, 7.7, 7.4, 7.4, 7.4, 7.4, 7.5, 7.5, 7.5, 7.5)
att_436=	c(6.1, 6.1, 6.1, 6.1, 6.1, 6.1, 6.1, 6.1, 6.1, 6.1, 6.1, 6.1, 6.1, 6.15, 6.2, 6.2)
att_437=	c(5.0, 5.0, 4.2, 4.2, 4.2, 4.2, 4.2, 4.2, 4.2, 4.2, 4.2, 4.2, 4.2, 4.2, 4.2, 4.2)
att_438=	c(6.0, 5.6, 6.1, 6.05, 6.0, 6.0, 6.0, 6.0, 7.2, 7.1, 7.1, 7.1, 7.1, 7.0, 7.0, 7.0)
att_439=	c(21.6, 21.7, 21.5, 21.4, 21.3, 21.4, 21.6, 21.6, 21.5, 21.4, 21.6, 21.6, 21.4, 21.6, 21.6, 21.6)
att_440=	c(8.0, 7.5, 7.5, 7.5, 7.5, 7.5, 7.5, 7.5, 7.5, 7.5, 7.5, 7.5, 7.5, 7.5, 7.5, 7.5)
att_441=	c(6.1, 6.0, 6.4, 6.5, 6.6, 6.1, 6.4, 6.4, 6.4, 6.4, 6.4, 6.4, 6.4, 6.4, 6.4, 6.4)
att_442=	c(12.3, 12.3, 12.3, 12.3, 12.3, 12.3, 12.3, 12.3, 12.3, 12.3, 12.3, 12.3, 12.3, 12.3, 12.3, 12.3)
att_443=	c(7.3, 7.3, 8.1, 8.1, 8.1, 7.3, 7.3, 7.3, 7.3, 7.3, 7.3, 7.3, 7.3, 7.3, 7.3, 7.3)
att_444=	c(3.0, 3.0, 3.0, 3.0, 3.0, 3.0, 3.0, 3.0, 3.0, 3.0, 3.0, 3.0, 3.0, 3.0, 3.0, 3.0)
att_445=	c(3.6, 3.6, 3.6, 3.6, 3.6, 3.6, 3.6, 3.8, 3.8, 3.8, 3.8, 3.8, 3.5, 3.5, 3.5, 3.5)
att_446=	c(9.8, 9.8, 9.8, 9.8, 9.8, 9.8, 9.8, 9.8, 9.8, 9.8, 9.8, 9.8, 9.6, 9.6, 9.6, 9.6)
att_447=	c(16.7, 16.7, 16.7, 16.7, 16.7, 16.7, 16.7, 16.7, 16.7, 16.7, 16.7, 16.7, 14.0, 16.7, 16.7, 17.7)
att_448=	c(14.9, 14.9, 15.1, 15.3, 15.3, 15.3, 14.8, 14.8, 14.8, 15.3, 15.3, 15.3, 14.7, 14.7, 14.7, 14.7)
att_449=	c(9.7, 9.7, 8.6, 9.6, 3.9, 4.0, 4.0, 9.7, 3.9, 3.9, 4.0, 3.9, 4.0, 4.0, 3.9, 4.0)
att_450=	c(325.0, 325.0, 325.0, 325.0, 325.0, 325.0, 325.0, 325.0, 325.0, 325.0, 325.0, 325.0, 330.0, 335.0, 335.0, 335.0)
att_451=	c(190.0, 190.0, 190.0, 185.0, 185.0, 185.0, 185.0, 185.0, 185.0, 185.0, 185.0, 185.0, 185.0, 185.0, 185.0, 185.0)
att_452=	c(160.0, 160.0, 160.0, 160.0, 160.0, 160.0, 160.0, 160.0, 160.0, 160.0, 160.0, 160.0, 160.0, 160.0, 160.0, 160.0)
att_453=	c(215.0, 220.0, 220.0, 220.0, 220.0, 220.0, 235.0, 235.0, 220.0, 225.0, 225.0, 225.0, 220.0, 215.0, 215.0, 215.0)
att_454=	c(265.0, 265.0, 265.0, 265.0, 265.0, 265.0, 265.0, 265.0, 265.0, 265.0, 265.0, 265.0, 265.0, 265.0, 260.0, 260.0)
att_455=	c(215.0, 215.0, 215.0, 215.0, 215.0, 215.0, 215.0, 215.0, 215.0, 215.0, 215.0, 215.0, 215.0, 215.0, 215.0, 215.0)
att_456=	c(235.0, 235.0, 235.0, 235.0, 235.0, 235.0, 235.0, 235.0, 235.0, 235.0, 235.0, 235.0, 235.0, 235.0, 235.0, 235.0)
att_457=	c(285.0, 285.0, 285.0, 285.0, 285.0, 285.0, 285.0, 285.0, 285.0, 285.0, 285.0, 285.0, 285.0, 285.0, 285.0, 285.0)
att_458=	c(240.0, 240.0, 240.0, 240.0, 240.0, 240.0, 240.0, 240.0, 240.0, 240.0, 240.0, 240.0, 240.0, 240.0, 240.0, 240.0)
att_459=	c(260.0, 260.0, 260.0, 260.0, 260.0, 260.0, 260.0, 260.0, 265.0, 260.0, 260.0, 260.0, 260.0, 260.0, 260.0, 260.0)
att_460=	c(195.0, 195.0, 195.0, 195.0, 195.0, 195.0, 195.0, 195.0, 190.0, 190.0, 190.0, 190.0, 195.0, 195.0, 192.5, 190.0)
att_461=	c(170.0, 170.0, 170.0, 170.0, 170.0, 170.0, 170.0, 170.0, 170.0, 170.0, 170.0, 172.5, 175.0, 175.0, 175.0, 175.0)
att_462=	c(150.0, 145.0, 145.0, 145.0, 145.0, 145.0, 145.0, 145.0, 145.0, 145.0, 145.0, 145.0, 145.0, 145.0, 145.0, 145.0)
att_463=	c(160.0, 160.0, 160.0, 160.0, 160.0, 160.0, 160.0, 160.0, 160.0, 160.0, 160.0, 160.0, 160.0, 160.0, 160.0, 160.0)
att_464=	c(145.0, 145.0, 145.0, 145.0, 145.0, 145.0, 145.0, 140.0, 145.0, 145.0, 145.0, 145.0, 145.0, 145.0, 145.0, 145.0)
att_465=	c(160.0, 170.0, 170.0, 170.0, 170.0, 170.0, 170.0, 170.0, 170.0, 170.0, 170.0, 170.0, 170.0, 170.0, 170.0, 170.0)
att_466=	c(150.0, 150.0, 150.0, 150.0, 145.0, 145.0, 150.0, 145.0, 150.0, 145.0, 145.0, 145.0, 145.0, 145.0, 145.0, 145.0)
att_467=	c(145.0, 145.0, 145.0, 145.0, 145.0, 145.0, 145.0, 145.0, 145.0, 145.0, 145.0, 145.0, 145.0, 145.0, 145.0, 145.0)
att_468=	c(187.0, 187.0, 187.5, 188.0, 188.0, 190.0, 190.0, 190.0, 190.0, 190.0, 190.0, 190.0, 190.0, 190.0, 190.0, 190.0)
att_469=	c(405.0, 405.0, 405.0, 405.0, 405.0, 405.0, 405.0, 405.0, 405.0, 405.0, 405.0, 405.0, 405.0, 405.0, 405.0, 405.0)
att_470=	c(327.0, 327.0, 327.0, 327.0, 327.0, 330.0, 330.0, 330.0, 330.0, 330.0, 330.0, 330.0, 330.0, 330.0, 330.0, 330.0)
att_471=	c(455.0, 455.0, 455.0, 455.0, 455.0, 455.0, 460.0, 475.0, 475.0, 455.0, 457.5, 460.0, 455.0, 460.0, 460.0, 455.0)
att_472=	c(185.0, 185.0, 185.0, 180.0, 180.0, 180.0, 180.0, 180.0, 185.0, 185.0, 185.0, 185.0, 185.0, 180.0, 180.0, 180.0)
att_473=	c(400.0, 400.0, 400.0, 400.0, 400.0, 400.0, 400.0, 400.0, 400.0, 400.0, 400.0, 400.0, 410.0, 410.0, 410.0, 410.0)
att_474=	c(140.0, 140.0, 140.0, 140.0, 140.0, 140.0, 140.0, 140.0, 140.0, 140.0, 140.0, 140.0, 140.0, 140.0, 140.0, 140.0)
att_475=	c(350.0, 350.0, 350.0, 350.0, 340.0, 340.0, 340.0, 340.0, 340.0, 340.0, 340.0, 340.0, 340.0, 340.0, 340.0, 340.0)
att_476=	c(208.0, 208.0, 205.0, 205.0, 205.0, 205.0, 205.0, 209.0, 209.0, 209.0, 209.0, 207.0, 207.0, 219.0, 215.0, 215.0)
att_477=	c(185.0, 185.0, 186.0, 191.0, 186.0, 187.0, 195.0, 253.0, 40.0, 225.0, 183.0, 183.0, 183.0, 183.0, 155.0, 155.0)
att_478=	c(184.0, 184.0, 40.0, 186.0, 186.0, 187.0, 184.0, 186.0, 183.0, 184.0, 182.0, 185.0, 183.0, 184.0, 184.0, 184.0)
att_479=	c(65.0, 65.0, 65.0, 65.0, 65.0, 65.0, 60.0, 60.0, 60.0, 60.0, 60.0, 60.0, 60.0, 60.0, 60.0, 60.0)
att_480=	c(168.0, 168.0, 168.0, 168.0, 168.0, 168.0, 168.0, 168.0, 168.0, 168.0, 168.0, 168.0, 168.0, 168.0, 168.0, 168.0)
att_481=	c(238.0, 238.0, 238.0, 201.0, 201.0, 197.0, 203.0, 201.0, 201.0, 201.0, 201.0, 201.0, 199.0, 199.0, 202.0, 202.0)
att_482=	c(182.0, 182.0, 182.0, 182.0, 182.0, 182.0, 182.0, 182.0, 182.0, 182.0, 182.0, 182.0, 182.0, 182.0, 182.0, 182.0)
att_483=	c(100.0, 100.0, 100.0, 100.0, 100.0, 100.0, 100.0, 100.0, 100.0, 100.0, 100.0, 100.0, 100.0, 100.0, 100.0, 100.0)
att_484=	c(132.0, 132.0, 132.0, 132.0, 132.0, 133.0, 134.0, 134.0, 134.0, 134.0, 134.0, 134.0, 134.0, 134.0, 132.0, 132.0)
att_485=	c(3.0, 3.0, 3.0, 3.0, 3.0, 3.0, 3.0, 3.0, 3.0, 3.0, 3.0, 3.0, 3.0, 3.0, 3.0, 3.0)
att_486=	c(10.0, 10.0, 10.0, 10.0, 10.0, 10.0, 10.0, 10.1, 10.1, 10.1, 10.1, 10.1, 10.1, 10.1, 10.3, 10.3)
att_487=	c(4.2, 4.2, 4.2, 4.2, 4.2, 4.2, 4.2, 4.2, 4.2, 4.2, 4.2, 4.2, 4.2, 4.2, 4.2, 4.2)
att_488=	c(2.1, 2.1, 2.1, 2.1, 2.1, 2.1, 2.1, 2.1, 2.1, 2.1, 2.1, 2.1, 2.1, 2.1, 2.1, 2.1)
att_489=	c(9.5, 9.5, 9.5, 9.5, 9.5, 9.5, 9.5, 9.5, 9.5, 9.5, 9.5, 9.5, 9.5, 9.5, 9.5, 9.5)
att_490=	c(5.7, 5.7, 5.7, 5.7, 5.7, 5.7, 5.7, 5.7, 5.8, 5.8, 5.8, 5.8, 5.8, 5.8, 5.8, 5.8)
att_491=	c(6.4, 6.4, 5.8, 5.8, 5.8, 5.8, 5.8, 5.8, 5.8, 6.1, 6.1, 6.1, 6.1, 6.3, 6.3, 6.3)
att_492=	c(0.7, 0.7, 0.7, 0.6, 0.5, 0.5, 0.5, 0.5, 0.5, 0.5, 0.5, 0.6, 0.7, 0.6, 0.6, 0.6)
att_493=	c(3.0, 3.0, 3.0, 3.0, 3.0, 3.0, 3.0, 3.0, 3.0, 3.0, 3.0, 3.0, 3.0, 3.0, 3.0, 3.0)
att_494=	c(6.0, 6.0, 6.0, 6.0, 6.0, 6.0, 6.0, 6.0, 6.0, 6.0, 6.0, 5.9, 5.9, 6.7, 6.7, 6.7)
att_495=	c(95.0, 95.0, 88.0, 88.0, 88.0, 88.0, 88.0, 88.0, 88.0, 88.0, 88.0, 88.0, 95.0, 95.0, 95.0, 95.0)
att_496=	c(71.0, 71.0, 68.0, 71.0, 76.0, 70.0, 68.0, 71.0, 71.0, 73.0, 73.0, 75.0, 76.0, 71.0, 75.0, 76.0)
att_497=	c(163.0, 163.0, 163.0, 163.0, 163.0, 163.0, 163.0, 163.0, 163.0, 163.0, 163.0, 163.0, 163.0, 163.0, 163.0, 163.0)
att_498=	c(6.0, 6.0, 6.0, 6.0, 6.0, 6.0, 6.0, 6.0, 6.0, 6.0, 6.0, 6.0, 6.0, 6.0, 6.0, 8.0)
att_499=	c(136.0, 136.0, 136.0, 136.0, 136.0, 136.0, 136.0, 136.0, 136.0, 136.0, 136.0, 146.0, 146.0, 136.0, 146.0, 136.0)
att_500=	c(7.1, 18.3, 18.3, 18.3, 18.3, 12.8, 7.3, 18.4, 18.4, 7.8, 7.8, 7.8, 7.8, 7.8, 7.3, 7.4)
att_501=	c(3.0, 3.0, 3.0, 3.0, 3.0, 3.0, 3.0, 3.0, 3.0, 3.0, 3.0, 3.0, 3.0, 3.0, 3.0, 3.0)
att_502=	c(4.2, 3.4, 3.4, 3.4, 3.4, 3.4, 3.4, 3.4, 3.4, 3.4, 3.4, 3.4, 3.4, 3.4, 3.4, 3.4)
att_503=	c(10.4, 12.7, 11.7, 12.7, 12.7, 12.7, 12.7, 12.7, 12.7, 12.7, 12.7, 12.7, 12.7, 12.7, 12.7, 12.7)
att_504=	c(3.9, 3.9, 3.9, 3.6, 3.9, 3.9, 3.9, 3.9, 3.9, 3.9, 3.9, 3.9, 3.9, 3.9, 3.9, 3.9)
att_505=	c(3.0, 3.0, 3.0, 3.0, 3.0, 3.0, 3.0, 3.0, 3.0, 3.0, 3.0, 3.0, 3.0, 3.0, 3.0, 3.0)
att_506=	c(9.2, 9.2, 9.3, 9.3, 9.3, 9.3, 9.3, 9.3, 9.3, 9.3, 9.3, 9.3, 9.3, 9.3, 9.3, 9.3)
att_507=	c(12.8, 12.8, 12.3, 12.3, 12.3, 12.3, 12.3, 12.3, 12.3, 12.3, 12.3, 12.3, 12.3, 12.4, 12.4, 12.4)
att_508=	c(16.0, 15.8, 15.8, 15.8, 15.9, 15.9, 15.9, 15.9, 15.9, 15.9, 15.9, 15.9, 15.9, 15.9, 15.9, 16.0)
att_509=	c(12.9, 12.9, 12.6, 12.6, 12.6, 12.6, 12.6, 12.6, 12.6, 12.6, 12.6, 12.6, 12.6, 12.6, 12.6, 12.6)
att_510=	c(7.6, 7.6, 7.3, 7.5, 7.5, 7.4, 7.5, 7.5, 7.5, 7.5, 7.5, 7.5, 7.5, 7.5, 7.5, 7.5)
att_511=	c(13.9, 13.9, 13.9, 13.9, 13.9, 13.9, 13.9, 13.9, 13.9, 13.9, 14.1, 14.1, 14.1, 14.1, 14.1, 14.1)
att_512=	c(7.5, 7.5, 7.5, 7.5, 7.5, 7.5, 7.5, 7.4, 7.7, 7.5, 7.5, 7.5, 7.5, 7.5, 8.0, 7.6)
att_513=	c(17.5, 17.5, 18.1, 17.5, 17.6, 17.55, 17.5, 17.5, 19.3, 18.5, 17.6, 18.0, 17.7, 17.7, 17.6, 17.6)
att_514=	c(2.4, 2.4, 2.4, 2.4, 2.4, 2.4, 2.4, 2.4, 2.4, 2.4, 2.4, 2.4, 2.4, 2.4, 2.4, 2.4)
att_515=	c(10.9, 10.9, 10.9, 11.0, 11.0, 11.0, 11.0, 11.0, 11.0, 11.1, 11.1, 11.1, 11.1, 10.9, 10.9, 10.9)
att_516=	c(2.4, 2.4, 2.4, 2.4, 2.2, 2.2, 2.2, 16.1, 2.6, 6.6, 6.6, 6.6, 6.6, 6.6, 6.6, 2.2)
att_517=	c(10.2, 10.2, 10.2, 10.2, 10.2, 10.2, 10.2, 10.2, 10.2, 10.2, 10.5, 10.5, 10.5, 10.5, 10.3, 10.3)
att_518=	c(12.5, 12.5, 12.5, 12.5, 12.5, 12.5, 12.5, 12.5, 12.5, 12.5, 12.6, 12.6, 12.6, 12.6, 12.6, 12.6)
att_519=	c(9.0, 9.0, 9.2, 9.2, 9.2, 9.1, 9.1, 9.1, 9.1, 9.1, 9.1, 9.1, 9.1, 9.1, 9.1, 9.1)
att_520=	c(280.0, 280.0, 280.0, 280.0, 280.0, 280.0, 280.0, 280.0, 280.0, 280.0, 280.0, 280.0, 280.0, 285.0, 282.5, 280.0)
att_521=	c(210.0, 210.0, 210.0, 210.0, 210.0, 210.0, 210.0, 210.0, 210.0, 210.0, 210.0, 210.0, 210.0, 210.0, 210.0, 210.0)
att_522=	c(210.0, 210.0, 210.0, 210.0, 210.0, 210.0, 210.0, 210.0, 210.0, 210.0, 205.0, 205.0, 210.0, 210.0, 210.0, 210.0)
att_523=	c(235.0, 230.0, 230.0, 230.0, 230.0, 230.0, 230.0, 230.0, 230.0, 235.0, 225.0, 225.0, 225.0, 225.0, 225.0, 225.0)
att_524=	c(150.0, 150.0, 150.0, 150.0, 150.0, 150.0, 150.0, 155.0, 155.0, 155.0, 155.0, 155.0, 155.0, 155.0, 155.0, 155.0)
att_525=	c(315.0, 315.0, 315.0, 315.0, 315.0, 322.5, 330.0, 330.0, 330.0, 315.0, 315.0, 315.0, 315.0, 330.0, 330.0, 330.0)
att_526=	c(75.0, 75.0, 75.0, 80.0, 80.0, 80.0, 80.0, 80.0, 80.0, 80.0, 80.0, 80.0, 80.0, 80.0, 80.0, 80.0)
att_527=	c(60.0, 65.0, 65.0, 65.0, 65.0, 65.0, 65.0, 65.0, 65.0, 65.0, 65.0, 65.0, 60.0, 60.0, 60.0, 60.0)
att_528=	c(215.0, 215.0, 215.0, 215.0, 215.0, 215.0, 215.0, 215.0, 215.0, 215.0, 215.0, 215.0, 215.0, 215.0, 215.0, 215.0)
att_529=	c(3.4, 3.4, 3.4, 3.4, 3.4, 3.4, 3.4, 3.4, 3.4, 3.4, 3.4, 3.4, 3.4, 3.4, 3.4, 3.4)
att_530=	c(5.8, 5.8, 5.7, 5.7, 5.7, 5.7, 5.7, 5.7, 5.7, 5.7, 5.8, 5.8, 5.8, 5.8, 5.8, 5.8)
att_531=	c(9.6, 9.6, 9.2, 9.2, 9.2, 9.2, 9.2, 9.2, 9.2, 9.2, 9.2, 9.2, 9.2, 9.2, 9.3, 9.2)
att_532=	c(12.2, 12.2, 12.1, 12.1, 12.5, 12.45, 12.4, 12.6, 12.3, 12.3, 12.3, 12.5, 12.7, 12.7, 12.7, 12.7)
att_533=	c(13.0, 13.0, 13.0, 13.0, 13.0, 13.0, 13.0, 13.0, 13.0, 13.0, 13.0, 13.0, 13.0, 12.5, 12.5, 12.5)
att_534=	c(8.5, 8.5, 8.1, 10.2, 10.2, 10.2, 10.2, 8.3, 8.3, 8.3, 8.9, 8.4, 8.4, 8.4, 8.4, 8.7)
att_535=	c(4.0, 4.0, 4.0, 4.0, 4.0, 4.25, 4.5, 4.5, 4.5, 4.5, 4.5, 4.5, 4.5, 4.5, 4.5, 4.5)
att_536=	c(7.6, 7.6, 7.6, 7.6, 7.6, 7.6, 7.6, 7.6, 7.6, 7.6, 7.6, 7.6, 7.6, 7.6, 7.6, 7.6)
att_537=	c(10.5, 10.5, 10.4, 10.4, 10.4, 10.4, 10.4, 10.4, 10.4, 10.4, 10.4, 10.5, 10.5, 10.5, 10.5, 10.5)
att_538=	c(13.0, 13.0, 13.0, 13.0, 13.0, 13.0, 13.0, 13.0, 13.0, 13.0, 13.0, 13.0, 13.0, 13.0, 13.0, 13.0)
att_539=	c(42.0, 10.0, 10.0, 10.0, 10.0, 10.0, 10.0, 10.0, 10.0, 10.0, 10.0, 10.0, 10.0, 10.0, 10.0, 10.0)
att_540=	c(23.0, 23.0, 23.0, 23.0, 23.0, 23.0, 23.0, 23.0, 23.0, 23.0, 23.0, 23.0, 23.0, 23.0, 23.0, 23.0)
att_541=	c(10.0, 10.0, 10.0, 10.0, 10.0, 10.0, 10.0, 10.0, 10.0, 10.0, 10.0, 10.0, 10.0, 10.0, 10.0, 10.0)
att_542=	c(24.0, 24.0, 25.0, 25.0, 25.0, 24.0, 24.0, 24.0, 24.0, 24.0, 24.0, 24.0, 24.0, 24.0, 24.0, 24.0)
att_543=	c(17.0, 17.0, 17.0, 17.0, 17.0, 17.0, 17.0, 17.0, 17.0, 17.0, 17.0, 17.0, 17.0, 17.0, 17.0, 17.0)
att_544=	c(20.0, 20.0, 20.0, 20.0, 20.0, 20.0, 20.0, 20.0, 20.0, 20.0, 20.0, 20.0, 20.0, 20.0, 20.0, 20.0)
att_545=	c(18.0, 18.0, 18.0, 18.0, 18.0, 18.0, 18.0, 18.0, 18.0, 18.0, 18.0, 18.0, 18.0, 18.0, 18.0, 18.0)
att_546=	c(255.0, 255.0, 255.0, 260.0, 260.0, 260.0, 260.0, 255.0, 260.0, 260.0, 260.0, 260.0, 260.0, 255.0, 255.0, 255.0)
att_547=	c(225.0, 225.0, 225.0, 225.0, 225.0, 225.0, 225.0, 225.0, 225.0, 225.0, 225.0, 225.0, 225.0, 225.0, 225.0, 225.0)
att_548=	c(230.0, 230.0, 230.0, 230.0, 230.0, 230.0, 230.0, 235.0, 235.0, 235.0, 235.0, 235.0, 235.0, 235.0, 235.0, 235.0)
att_549=	c(270.0, 270.0, 270.0, 270.0, 270.0, 270.0, 270.0, 270.0, 270.0, 270.0, 270.0, 270.0, 270.0, 270.0, 270.0, 270.0)
att_550=	c(220.0, 215.0, 215.0, 220.0, 220.0, 217.5, 215.0, 215.0, 215.0, 215.0, 215.0, 215.0, 215.0, 215.0, 215.0, 215.0)
att_551=	c(45.0, 45.0, 45.0, 55.0, 55.0, 55.0, 55.0, 45.0, 45.0, 45.0, 45.0, 45.0, 45.0, 47.5, 50.0, 45.0)
att_552=	c(225.0, 225.0, 225.0, 225.0, 225.0, 225.0, 225.0, 225.0, 225.0, 225.0, 225.0, 225.0, 225.0, 225.0, 225.0, 225.0)
att_553=	c(330.0, 330.0, 330.0, 330.0, 330.0, 330.0, 330.0, 330.0, 330.0, 330.0, 330.0, 330.0, 330.0, 330.0, 330.0, 330.0)
att_554=	c(100.0, 100.0, 100.0, 100.0, 100.0, 100.0, 100.0, 100.0, 100.0, 100.0, 100.0, 105.0, 105.0, 105.0, 105.0, 105.0)
att_555=	c(300.0, 300.0, 300.0, 300.0, 300.0, 300.0, 300.0, 300.0, 300.0, 300.0, 300.0, 300.0, 300.0, 300.0, 300.0, 300.0)
att_556=	c(13.5, 13.4, 11.4, 10.5, 10.3, 10.85, 11.4, 11.5, 11.2, 10.9, 10.9, 14.9, 14.9, 13.1, 13.1, 13.1)
att_557=	c(9.0, 9.0, 9.0, 9.0, 11.0, 10.0, 9.0, 9.0, 9.0, 9.0, 9.0, 9.0, 9.0, 9.0, 9.0, 9.0)
att_558=	c(2.0, 2.0, 2.0, 2.0, 2.0, 2.0, 2.0, 2.0, 2.0, 2.0, 2.0, 2.0, 2.0, 2.0, 2.0, 2.0)
att_559=	c(8.1, 8.1, 8.1, 8.1, 8.1, 8.1, 8.1, 8.1, 8.1, 8.1, 8.1, 8.1, 8.1, 8.1, 8.1, 8.1)
att_560=	c(12.6, 12.6, 12.6, 12.6, 12.6, 12.6, 12.6, 12.6, 12.6, 12.6, 12.6, 12.6, 12.6, 12.6, 12.6, 12.6)
att_561=	c(3.3, 3.4, 3.4, 3.4, 3.4, 3.4, 3.4, 3.4, 3.4, 3.4, 3.4, 3.4, 3.4, 3.2, 3.2, 3.2)
att_562=	c(303.0, 305.0, 303.0, 303.0, 303.0, 303.0, 303.0, 303.0, 303.0, 303.0, 313.0, 313.0, 312.0, 311.0, 311.0, 313.0)
att_563=	c(375.0, 380.0, 380.0, 380.0, 380.0, 380.0, 380.0, 380.0, 380.0, 375.0, 375.0, 375.0, 375.0, 375.0, 375.0, 345.0)
att_564=	c(425.0, 425.0, 425.0, 425.0, 420.0, 420.0, 420.0, 420.0, 420.0, 420.0, 420.0, 420.0, 420.0, 420.0, 420.0, 425.0)
att_565=	c(290.0, 290.0, 290.0, 290.0, 290.0, 290.0, 290.0, 290.0, 290.0, 290.0, 290.0, 290.0, 290.0, 290.0, 290.0, 290.0)
att_566=	c(290.0, 290.0, 290.0, 290.0, 290.0, 290.0, 290.0, 290.0, 290.0, 290.0, 290.0, 290.0, 321.0, 321.0, 321.0, 290.0)
att_567=	c(111.0, 111.0, 111.0, 111.0, 111.0, 111.0, 111.0, 111.0, 111.0, 111.0, 111.0, 111.0, 111.0, 111.0, 111.0, 111.0)
att_568=	c(145.0, 145.0, 145.0, 145.0, 145.0, 145.0, 145.0, 145.0, 145.0, 145.0, 145.0, 145.0, 145.0, 145.0, 145.0, 145.0)
att_569=	c(183.0, 185.0, 185.0, 184.0, 183.0, 183.0, 183.0, 183.0, 183.0, 183.0, 183.0, 183.0, 183.0, 183.0, 183.0, 185.0)
att_570=	c(143.0, 143.0, 143.0, 143.0, 143.0, 143.0, 143.0, 143.0, 143.0, 143.0, 143.0, 143.0, 143.0, 143.0, 143.0, 143.0)
att_571=	c(15.0, 14.0, 14.0, 14.0, 14.0, 14.0, 14.0, 14.0, 14.0, 14.0, 14.0, 14.0, 14.0, 14.0, 13.0, 13.0)
att_572=	c(9.8, 9.8, 9.9, 9.9, 9.9, 9.9, 9.9, 9.7, 9.7, 9.7, 9.7, 9.7, 9.7, 9.75, 9.8, 9.8)
att_573=	c(25.0, 25.0, 25.0, 25.0, 25.0, 25.0, 25.0, 25.0, 25.0, 25.0, 25.0, 25.0, 25.0, 25.0, 26.0, 26.0)
att_574=	c(1.0, 1.0, 1.0, 1.0, 1.0, 1.0, 1.0, 1.0, 1.0, 1.0, 1.0, 1.0, 1.0, 1.0, 1.0, 1.0)
att_575=	c(23.0, 23.0, 23.0, 23.0, 23.0, 23.0, 23.0, 23.0, 23.0, 23.0, 23.0, 23.0, 23.0, 23.0, 23.0, 23.0)
att_576=	c(11.0, 11.0, 11.0, 11.0, 12.0, 12.0, 12.0, 12.0, 11.0, 11.0, 11.0, 11.5, 12.0, 11.0, 11.0, 11.0)
att_577=	c(9.3, 9.3, 9.45, 9.6, 9.6, 9.6, 9.6, 9.6, 9.4, 9.4, 9.4, 9.4, 9.4, 9.4, 9.4, 9.4)
att_578=	c(6.1, 6.1, 6.2, 6.2, 6.2, 6.2, 6.2, 6.2, 6.2, 6.1, 6.1, 6.1, 6.1, 6.1, 6.1, 6.1)
att_579=	c(12.7, 12.7, 12.6, 13.1, 12.9, 12.9, 12.9, 12.9, 12.9, 12.3, 12.3, 12.3, 12.2, 12.15, 12.1, 12.1)
att_580=	c(8.6, 8.6, 8.6, 8.7, 8.7, 8.7, 8.7, 8.7, 8.7, 8.6, 8.6, 8.6, 8.6, 8.55, 8.5, 8.5)
att_581=	c(490.0, 490.0, 490.0, 490.0, 490.0, 490.0, 490.0, 490.0, 490.0, 490.0, 490.0, 490.0, 490.0, 490.0, 490.0, 490.0)
att_582=	c(80.0, 80.0, 80.0, 80.0, 80.0, 80.0, 80.0, 80.0, 80.0, 80.0, 80.0, 80.0, 80.0, 80.0, 80.0, 80.0)
att_583=	c(305.0, 305.0, 305.0, 305.0, 305.0, 305.0, 305.0, 305.0, 305.0, 305.0, 305.0, 305.0, 305.0, 305.0, 305.0, 305.0)
att_584=	c(235.0, 235.0, 235.0, 235.0, 235.0, 235.0, 235.0, 235.0, 235.0, 235.0, 235.0, 235.0, 235.0, 230.0, 230.0, 230.0)
att_585=	c(180.0, 180.0, 180.0, 180.0, 180.0, 180.0, 180.0, 180.0, 180.0, 180.0, 180.0, 180.0, 180.0, 180.0, 180.0, 180.0)
att_586=	c(255.0, 255.0, 255.0, 255.0, 255.0, 260.0, 265.0, 265.0, 265.0, 265.0, 265.0, 265.0, 265.0, 265.0, 265.0, 265.0)
att_587=	c(130.0, 130.0, 130.0, 130.0, 130.0, 130.0, 130.0, 130.0, 130.0, 130.0, 130.0, 130.0, 130.0, 130.0, 130.0, 130.0)
att_588=	c(285.0, 285.0, 285.0, 285.0, 285.0, 285.0, 285.0, 285.0, 285.0, 285.0, 285.0, 285.0, 285.0, 285.0, 285.0, 285.0)
att_589=	c(28.0, 28.0, 29.0, 28.0, 28.0, 28.0, 28.0, 28.0, 28.0, 29.0, 29.0, 29.0, 29.0, 28.0, 28.0, 28.0)
att_590=	c(211.0, 211.0, 211.0, 211.0, 211.0, 211.0, 211.0, 211.0, 216.0, 216.0, 216.0, 216.0, 216.0, 216.0, 216.0, 216.0)
att_591=	c(338.0, 330.0, 330.0, 338.0, 338.0, 338.0, 338.0, 338.0, 423.0, 508.0, 338.0, 338.0, 338.0, 334.0, 330.0, 338.0)
att_592=	c(285.0, 285.0, 285.0, 283.0, 283.0, 283.0, 283.0, 283.0, 283.0, 283.0, 283.0, 283.0, 283.0, 283.0, 283.0, 283.0)
att_593=	c(285.0, 283.0, 281.0, 281.0, 281.0, 281.0, 281.0, 281.0, 285.0, 285.0, 285.0, 285.0, 285.0, 285.0, 285.0, 285.0)
att_594=	c(363.0, 363.0, 363.0, 363.0, 363.0, 363.0, 363.0, 363.0, 363.0, 363.0, 363.0, 365.0, 363.0, 363.0, 363.0, 363.0)
att_595=	c(116.0, 116.0, 116.0, 116.0, 116.0, 116.0, 116.0, 116.0, 116.0, 116.0, 116.0, 116.0, 116.0, 116.0, 115.0, 116.0)
att_596=	c(250.0, 250.0, 250.0, 250.0, 250.0, 250.0, 250.0, 248.0, 250.0, 250.0, 250.0, 250.0, 250.0, 250.0, 250.0, 250.0)
att_597=	c(176.0, 176.0, 176.0, 176.0, 176.0, 176.0, 176.0, 176.0, 176.0, 176.0, 176.0, 176.0, 176.0, 176.0, 176.0, 176.0)
att_598=	c(290.0, 290.0, 290.0, 290.0, 290.0, 290.0, 290.0, 290.0, 283.0, 283.0, 283.0, 290.0, 290.0, 290.0, 290.0, 290.0)
att_599=	c(303.0, 303.0, 303.0, 303.0, 305.0, 305.0, 305.0, 305.0, 305.0, 303.0, 303.0, 303.0, 303.0, 305.0, 305.0, 305.0)
att_600=	c(5.6, 5.6, 5.8, 5.8, 5.8, 5.8, 5.8, 5.8, 5.8, 5.8, 5.8, 5.8, 5.8, 5.8, 5.6, 5.6)
att_601=	c(26.6, 25.9, 25.7, 25.8, 25.9, 26.0, 25.7, 25.7, 26.3, 26.1, 26.1, 25.85, 25.6, 25.7, 25.9, 25.3)
att_602=	c(11.3, 11.3, 11.0, 11.1, 11.1, 11.1, 11.1, 11.1, 11.1, 11.1, 11.2, 11.3, 11.3, 11.3, 11.2, 11.2)
att_603=	c(19.5, 19.5, 19.5, 19.5, 19.5, 19.5, 19.5, 19.5, 19.5, 19.5, 19.5, 19.8, 19.8, 19.8, 19.7, 19.7)
att_604=	c(8.3, 8.5, 8.3, 8.5, 8.5, 8.5, 8.5, 8.5, 8.5, 8.45, 8.4, 8.4, 8.3, 8.3, 8.3, 8.3)
att_605=	c(11.5, 11.5, 11.3, 11.3, 11.3, 11.3, 11.3, 11.3, 11.3, 11.3, 11.3, 11.5, 11.5, 11.5, 11.4, 11.4)
att_606=	c(15.6, 15.6, 15.2, 15.2, 15.2, 15.2, 15.2, 15.6, 15.6, 15.6, 15.6, 15.5, 15.5, 15.7, 15.4, 15.4)
att_607=	c(10.5, 10.5, 10.3, 10.3, 10.3, 10.3, 10.3, 10.3, 10.3, 10.3, 10.3, 10.3, 10.7, 10.7, 10.4, 10.4)
att_608=	c(14.4, 15.8, 15.8, 15.45, 15.1, 15.1, 15.1, 14.4, 14.4, 14.6, 14.0, 14.05, 14.1, 14.8, 14.2, 14.2)
att_609=	c(3.9, 4.0, 3.7, 3.7, 3.7, 3.7, 3.7, 3.7, 3.7, 3.7, 3.7, 4.0, 4.0, 4.0, 3.9, 3.9)
att_610=	c(185.0, 185.0, 185.0, 185.0, 185.0, 185.0, 185.0, 185.0, 185.0, 185.0, 185.0, 185.0, 185.0, 185.0, 185.0, 185.0)
att_611=	c(270.0, 270.0, 270.0, 270.0, 270.0, 270.0, 270.0, 270.0, 270.0, 270.0, 270.0, 270.0, 270.0, 270.0, 270.0, 270.0)
att_612=	c(95.0, 95.0, 95.0, 95.0, 95.0, 95.0, 95.0, 95.0, 95.0, 95.0, 95.0, 95.0, 95.0, 95.0, 100.0, 100.0)
att_613=	c(215.0, 215.0, 210.0, 210.0, 210.0, 210.0, 210.0, 210.0, 225.0, 220.0, 220.0, 215.0, 215.0, 215.0, 210.0, 210.0)
att_614=	c(301.0, 301.0, 301.0, 301.0, 300.0, 300.0, 300.0, 300.0, 300.0, 300.0, 300.0, 300.0, 300.0, 300.0, 300.0, 300.0)
att_615=	c(5.0, 5.0, 5.0, 5.0, 5.0, 5.0, 5.0, 5.0, 5.0, 5.0, 5.0, 5.0, 5.0, 5.0, 5.0, 5.0)
att_616=	c(3.0, 3.0, 3.0, 3.0, 3.0, 3.0, 3.0, 3.0, 3.0, 3.0, 3.0, 3.0, 3.0, 3.0, 3.0, 3.0)
att_617=	c(7.0, 7.0, 7.0, 7.0, 7.0, 7.0, 7.0, 7.0, 7.0, 7.0, 7.0, 7.0, 7.0, 7.0, 7.0, 7.0)
att_618=	c(3.0, 3.0, 3.0, 3.0, 3.0, 3.0, 3.0, 3.0, 3.0, 3.0, 3.0, 3.0, 3.0, 3.0, 3.0, 3.0)
att_619=	c(3.0, 3.0, 3.0, 3.0, 3.0, 3.0, 3.0, 3.0, 3.0, 3.0, 3.0, 3.0, 3.0, 3.0, 3.0, 3.0)
att_620=	c(9.7, 9.7, 9.7, 9.7, 9.7, 9.7, 9.7, 9.7, 9.6, 9.7, 9.7, 9.7, 9.7, 9.65, 9.6, 10.1)
att_621=	c(11.6, 11.6, 11.6, 11.6, 11.6, 11.6, 11.6, 11.6, 11.6, 11.6, 11.4, 11.4, 11.4, 11.5, 11.3, 11.3)
att_622=	c(4.0, 4.0, 4.0, 4.0, 3.9, 3.9, 3.9, 3.9, 3.9, 3.9, 3.9, 3.9, 3.9, 3.9, 3.9, 3.9)
att_623=	c(7.6, 7.6, 7.6, 7.6, 7.6, 7.6, 7.6, 7.6, 7.6, 7.6, 7.3, 7.3, 7.3, 7.3, 7.3, 7.3)
att_624=	c(4.8, 4.8, 4.8, 5.0, 5.4, 4.8, 4.8, 4.8, 4.8, 4.8, 4.8, 4.8, 4.8, 4.8, 4.8, 4.8)
att_625=	c(0.1, 0.1, 0.1, 0.1, 0.1, 0.1, 0.1, 0.1, 0.1, 0.1, 0.1, 0.1, 0.1, 0.1, 0.1, 0.1)
att_626=	c(3.1, 3.1, 3.1, 3.1, 3.1, 3.1, 3.1, 3.1, 3.1, 3.1, 3.1, 3.1, 3.1, 3.1, 3.1, 3.1)
att_627=	c(85.0, 85.0, 85.0, 85.0, 85.0, 85.0, 85.0, 85.0, 85.0, 85.0, 85.0, 85.0, 85.0, 85.0, 85.0, 85.0)
att_628=	c(160.0, 160.0, 145.0, 130.0, 130.0, 130.0, 130.0, 130.0, 130.0, 130.0, 130.0, 130.0, 130.0, 130.0, 130.0, 130.0)
att_629=	c(70.0, 70.0, 70.0, 65.0, 70.0, 67.5, 65.0, 65.0, 70.0, 70.0, 70.0, 70.0, 65.0, 65.0, 65.0, 70.0)
att_630=	c(55.0, 60.0, 55.0, 60.0, 55.0, 55.0, 55.0, 55.0, 60.0, 55.0, 60.0, 60.0, 60.0, 60.0, 55.0, 60.0)
att_631=	c(305.0, 305.0, 71.0, 71.0, 71.0, 73.0, 73.0, 73.0, 73.0, 73.0, 73.0, 73.0, 73.0, 73.0, 76.0, 76.0)
att_632=	c(61.0, 61.0, 61.0, 61.0, 61.0, 61.0, 61.0, 61.0, 61.0, 61.0, 61.0, 61.0, 61.0, 61.0, 61.0, 61.0)
att_633=	c(91.0, 91.0, 91.0, 91.0, 91.0, 91.0, 91.0, 91.0, 91.0, 91.0, 91.0, 91.0, 91.0, 90.0, 90.0, 90.0)
att_634=	c(66.0, 66.0, 66.0, 66.0, 66.0, 65.0, 65.0, 30.0, 30.0, 30.0, 30.0, 30.0, 30.0, 30.0, 30.0, 30.0)
att_635=	c(53.0, 53.0, 53.0, 53.0, 53.0, 53.0, 53.0, 53.0, 53.0, 51.0, 55.0, 56.5, 58.0, 30.0, 48.0, 48.0)
att_636=	c(81.0, 81.0, 73.0, 73.0, 73.0, 73.0, 73.0, 73.0, 73.0, 73.0, 73.0, 73.0, 73.0, 73.0, 73.0, 73.0)
att_637=	c(75.0, 75.0, 75.0, 75.0, 75.0, 75.0, 75.0, 75.0, 75.0, 75.0, 75.0, 75.0, 75.0, 75.0, 75.0, 85.0)
att_638=	c(271.0, 271.0, 271.0, 271.0, 271.0, 271.0, 271.0, 271.0, 271.0, 271.0, 271.0, 271.0, 271.0, 271.0, 273.0, 273.0)
att_639=	c(14.7, 14.7, 14.7, 14.7, 14.7, 14.7, 14.7, 14.7, 14.7, 14.7, 14.7, 14.7, 14.7, 14.7, 14.7, 14.7)
att_640=	c(3.0, 3.0, 3.0, 3.0, 3.0, 3.0, 3.0, 3.0, 3.0, 3.0, 3.0, 3.0, 3.0, 3.0, 3.0, 3.0)
att_641=	c(6.5, 6.5, 6.5, 6.5, 6.5, 6.5, 6.5, 6.5, 6.5, 6.5, 6.5, 6.5, 6.5, 6.5, 6.5, 6.5)
att_642=	c(10.4, 10.4, 10.4, 10.4, 10.4, 10.5, 10.5, 10.5, 10.6, 10.6, 10.6, 10.6, 10.7, 10.4, 10.4, 10.6)
att_643=	c(16.2, 16.2, 16.1, 16.1, 16.1, 16.1, 16.1, 16.1, 16.1, 16.1, 16.1, 16.1, 16.2, 16.2, 16.2, 16.2)
att_644=	c(4.5, 4.5, 4.5, 9.3, 9.3, 9.3, 9.3, 9.3, 9.3, 9.3, 9.3, 9.3, 9.3, 9.3, 9.3, 9.3)
att_645=	c(13.0, 13.0, 13.0, 13.0, 13.0, 13.1, 13.1, 13.1, 13.1, 13.1, 13.1, 13.1, 13.1, 13.1, 13.1, 13.1)
att_646=	c(12.1, 12.1, 12.1, 12.1, 12.1, 12.3, 12.3, 12.3, 12.3, 12.3, 12.2, 12.2, 12.2, 12.2, 12.2, 12.1)
att_647=	c(8.2, 8.2, 8.2, 8.2, 8.2, 8.2, 8.2, 8.2, 8.2, 8.2, 8.2, 8.2, 8.2, 8.2, 8.2, 8.2)
att_648=	c(5.2, 5.2, 5.2, 5.2, 5.2, 5.2, 5.2, 5.2, 5.2, 5.2, 5.2, 5.2, 5.2, 5.2, 5.2, 5.2)
att_649=	c(10.7, 10.8, 10.8, 10.8, 10.8, 10.8, 10.8, 10.8, 10.8, 10.8, 10.8, 10.85, 10.9, 10.9, 10.9, 10.9)
att_650=	c(19.9, 19.9, 19.6, 19.65, 19.7, 19.9, 19.6, 20.0, 19.9, 20.3, 19.7, 20.1, 19.6, 20.0, 20.1, 20.0)
att_651=	c(15.7, 15.3, 15.3, 15.3, 15.3, 15.3, 15.3, 15.3, 15.3, 15.3, 15.3, 15.8, 15.8, 15.8, 15.8, 15.4)
att_652=	c(11.0, 11.0, 11.0, 11.0, 11.0, 11.0, 11.0, 11.0, 11.0, 11.0, 11.0, 11.0, 11.0, 11.0, 11.5, 11.5)
att_653=	c(9.0, 9.0, 9.0, 8.95, 8.9, 8.9, 8.9, 8.9, 9.2, 9.2, 9.2, 9.2, 9.2, 8.9, 8.9, 8.9)
att_654=	c(7.4, 7.4, 7.4, 7.4, 7.4, 7.4, 7.4, 7.4, 7.5, 7.5, 7.5, 7.5, 7.5, 7.4, 8.5, 7.9)
att_655=	c(10.1, 10.1, 10.1, 10.1, 10.1, 9.9, 9.9, 9.9, 10.0, 10.0, 10.0, 10.0, 10.1, 10.1, 10.1, 10.1)
att_656=	c(3.0, 2.9, 2.9, 2.9, 2.9, 2.9, 2.9, 2.9, 2.9, 2.9, 2.9, 2.9, 2.9, 2.9, 2.9, 2.9)
att_657=	c(14.1, 13.9, 13.9, 14.05, 14.2, 13.9, 14.2, 13.9, 13.9, 13.8, 14.2, 13.9, 14.0, 14.1, 14.9, 14.2)
att_658=	c(17.0, 17.0, 17.0, 17.0, 17.0, 17.0, 17.0, 17.0, 17.0, 17.0, 17.0, 17.0, 17.0, 17.0, 17.0, 17.0)
att_659=	c(11.0, 11.0, 11.0, 11.0, 11.0, 11.0, 11.0, 11.0, 11.0, 11.0, 11.0, 11.0, 11.0, 11.0, 11.0, 11.0)
att_660=	c(6.0, 6.0, 6.0, 6.0, 6.0, 6.0, 6.0, 6.0, 6.0, 6.0, 6.0, 6.0, 6.0, 6.0, 6.0, 6.0)
att_661=	c(10.0, 10.0, 10.0, 10.0, 9.0, 9.0, 9.0, 9.0, 9.0, 10.0, 9.0, 9.0, 9.0, 9.0, 10.0, 9.0)
att_662=	c(15.0, 15.0, 15.0, 15.0, 15.0, 15.0, 15.0, 15.0, 15.0, 15.0, 15.0, 15.0, 15.0, 15.0, 14.0, 14.0)
att_663=	c(17.0, 17.0, 17.0, 17.0, 17.0, 17.0, 17.0, 17.0, 17.0, 18.0, 18.0, 18.0, 18.0, 18.0, 18.0, 18.0)
att_664=	c(13.0, 13.0, 13.0, 13.0, 13.0, 13.0, 13.0, 13.0, 12.0, 12.0, 13.0, 13.0, 13.0, 13.0, 13.0, 13.0)
att_665=	c(6.0, 6.0, 6.0, 6.0, 6.0, 6.0, 6.0, 6.0, 6.0, 6.0, 6.0, 6.0, 6.0, 6.0, 6.0, 6.0)
att_666=	c(13.0, 13.0, 13.0, 13.0, 13.0, 13.0, 13.0, 13.0, 13.0, 13.0, 13.0, 13.0, 13.0, 13.0, 13.0, 13.0)
att_667=	c(158.0, 158.0, 158.0, 158.0, 158.0, 158.0, 158.0, 157.0, 157.0, 157.0, 157.0, 157.0, 157.0, 157.0, 157.0, 157.0)
att_668=	c(152.0, 152.0, 153.0, 152.0, 151.0, 152.0, 154.0, 155.0, 154.0, 155.0, 154.0, 154.0, 153.0, 40.0, 318.0, 318.0)
att_669=	c(255.0, 255.0, 255.0, 255.0, 255.0, 255.0, 255.0, 255.0, 255.0, 255.0, 255.0, 255.0, 255.0, 255.0, 255.0, 255.0)
att_670=	c(198.0, 198.0, 198.0, 198.0, 198.0, 198.0, 198.0, 198.0, 198.0, 198.0, 198.0, 198.0, 198.0, 198.0, 198.0, 198.0)
att_671=	c(200.0, 200.0, 200.0, 200.0, 200.0, 200.0, 200.0, 200.0, 200.0, 200.0, 200.0, 200.0, 200.0, 200.0, 200.0, 200.0)
att_672=	c(220.0, 220.0, 220.0, 220.0, 220.0, 220.0, 220.0, 220.0, 220.0, 220.0, 220.0, 220.0, 220.0, 220.0, 220.0, 220.0)
att_673=	c(153.0, 153.0, 153.0, 153.0, 153.0, 154.0, 153.0, 153.0, 154.0, 153.0, 153.0, 153.0, 154.0, 154.0, 154.0, 154.0)
att_674=	c(140.0, 140.0, 140.0, 140.0, 140.0, 140.0, 140.0, 140.0, 140.0, 140.0, 140.0, 140.0, 140.0, 140.0, 140.0, 140.0)
att_675=	c(65.0, 65.0, 70.0, 67.5, 65.0, 65.0, 70.0, 70.0, 70.0, 70.0, 70.0, 70.0, 70.0, 70.0, 70.0, 70.0)
att_676=	c(90.0, 90.0, 90.0, 90.0, 90.0, 90.0, 90.0, 90.0, 90.0, 100.0, 100.0, 100.0, 100.0, 100.0, 100.0, 100.0)
att_677=	c(18.0, 18.0, 18.2, 18.2, 18.2, 17.8, 17.8, 17.8, 17.8, 18.0, 18.0, 18.0, 18.0, 17.9, 17.9, 17.9)
att_678=	c(5.0, 5.0, 5.0, 5.0, 5.0, 5.0, 5.0, 4.6, 4.8, 4.8, 4.8, 4.8, 4.8, 4.7, 4.7, 4.7)
att_679=	c(3.0, 3.0, 3.0, 3.0, 3.0, 3.0, 3.0, 3.0, 3.0, 3.0, 3.0, 3.0, 3.0, 3.0, 3.0, 3.0)
att_680=	c(11.2, 11.2, 11.2, 11.2, 11.2, 11.2, 11.2, 11.2, 11.2, 11.2, 11.2, 11.2, 11.2, 11.2, 11.2, 11.2)
att_681=	c(6.1, 6.1, 6.1, 6.2, 6.0, 5.9, 6.0, 6.2, 6.2, 6.1, 6.2, 6.4, 6.4, 6.4, 6.4, 6.4)
att_682=	c(13.5, 13.5, 13.5, 13.5, 13.5, 13.5, 13.5, 13.5, 13.5, 13.5, 12.8, 12.8, 12.8, 12.8, 12.8, 12.8)
att_683=	c(10.5, 10.5, 10.5, 10.1, 10.1, 10.5, 10.5, 10.5, 10.5, 10.5, 10.5, 10.5, 10.5, 10.5, 10.65, 10.8)
att_684=	c(6.5, 6.5, 6.5, 6.5, 6.5, 6.5, 6.5, 6.5, 6.5, 6.5, 6.5, 6.5, 6.5, 6.5, 6.5, 6.5)
att_685=	c(10.4, 10.4, 10.4, 10.4, 10.4, 10.4, 10.4, 10.4, 10.4, 10.4, 10.4, 10.4, 10.4, 10.4, 10.4, 10.4)
att_686=	c(32.2, 32.2, 32.3, 32.0, 19.7, 19.7, 19.7, 19.7, 7.8, 7.8, 7.8, 7.8, 7.8, 7.8, 7.8, 7.8)
att_687=	c(6.0, 6.0, 6.0, 6.0, 6.0, 6.0, 6.0, 6.0, 6.0, 6.0, 6.0, 6.0, 6.0, 6.0, 6.0, 6.0)
att_688=	c(12.7, 12.3, 12.3, 12.3, 12.3, 12.3, 12.3, 12.3, 12.3, 12.3, 12.3, 12.3, 12.3, 12.2, 12.2, 12.2)
att_689=	c(20.0, 19.5, 19.0, 19.0, 19.0, 19.0, 19.0, 19.0, 19.0, 19.0, 19.0, 19.0, 19.0, 18.5, 18.5, 19.5)
att_690=	c(6.6, 6.6, 6.6, 6.6, 6.6, 6.6, 6.6, 6.6, 6.6, 6.6, 6.6, 6.6, 6.6, 6.6, 6.6, 6.6)
att_691=	c(6.5, 6.5, 6.5, 6.5, 6.5, 6.5, 6.5, 6.5, 6.5, 6.5, 6.5, 6.5, 6.5, 6.4, 6.4, 6.4)
att_692=	c(11.3, 11.3, 11.3, 11.3, 11.2, 11.2, 11.2, 11.2, 11.2, 11.2, 11.2, 11.2, 11.2, 11.2, 11.2, 11.2)
att_693=	c(11.0, 11.0, 11.0, 11.0, 11.0, 11.0, 11.0, 11.0, 11.0, 11.0, 11.0, 11.0, 11.0, 11.0, 11.0, 11.0)
att_694=	c(9.0, 9.0, 9.0, 9.0, 9.0, 9.0, 9.0, 9.0, 9.0, 9.0, 9.0, 9.0, 9.0, 9.0, 9.0, 9.0)
att_695=	c(3.0, 3.0, 3.0, 3.0, 3.0, 3.0, 3.0, 3.0, 3.0, 3.0, 3.0, 3.0, 3.0, 3.0, 3.0, 3.0)
att_696=	c(13.0, 13.0, 13.0, 13.5, 14.0, 13.0, 13.0, 13.0, 13.0, 13.0, 13.0, 13.0, 13.0, 13.0, 14.0, 14.0)
att_697=	c(10.0, 10.0, 10.0, 10.0, 10.0, 10.0, 10.0, 10.0, 10.0, 10.0, 10.0, 10.0, 10.0, 10.0, 10.0, 10.0)
att_698=	c(13.0, 13.0, 13.0, 13.0, 13.0, 13.0, 14.0, 14.0, 14.0, 14.0, 14.0, 14.0, 14.0, 14.0, 14.0, 14.0)
att_699=	c(14.0, 14.0, 15.0, 14.5, 14.0, 14.0, 14.0, 14.0, 14.0, 14.0, 14.0, 14.0, 14.0, 14.0, 14.0, 15.0)
att_700=	c(11.0, 11.0, 11.0, 11.0, 11.0, 11.0, 11.0, 11.0, 11.0, 11.0, 11.0, 11.0, 11.0, 11.0, 11.0, 11.0)
att_701=	c(311.0, 310.0, 309.0, 310.0, 310.0, 310.0, 310.0, 310.0, 310.0, 310.0, 310.0, 310.0, 310.0, 310.0, 310.0, 310.0)
att_702=	c(135.0, 135.0, 135.0, 135.0, 135.0, 135.0, 135.0, 135.0, 135.0, 135.0, 135.0, 135.0, 135.0, 135.0, 135.0, 135.0)
att_703=	c(320.0, 320.0, 320.0, 320.0, 320.0, 320.0, 320.0, 320.0, 320.0, 320.0, 320.0, 320.0, 320.0, 320.0, 320.0, 320.0)
att_704=	c(235.0, 235.0, 230.0, 230.0, 232.5, 235.0, 235.0, 235.0, 235.0, 235.0, 235.0, 235.0, 235.0, 235.0, 235.0, 235.0)
att_705=	c(306.0, 306.0, 305.0, 305.0, 307.5, 310.0, 310.0, 310.0, 310.0, 310.0, 310.0, 310.0, 310.0, 310.0, 310.0, 310.0)
att_706=	c(435.0, 435.0, 435.0, 435.0, 437.5, 440.0, 440.0, 440.0, 440.0, 440.0, 440.0, 440.0, 440.0, 440.0, 440.0, 440.0)
att_707=	c(258.0, 258.0, 260.0, 260.0, 260.0, 260.0, 260.0, 260.0, 260.0, 260.0, 260.0, 260.0, 260.0, 260.0, 260.0, 260.0)
att_708=	c(279.0, 279.0, 279.0, 279.0, 279.0, 279.5, 280.0, 280.0, 280.0, 280.0, 280.0, 280.0, 280.0, 280.0, 280.0, 280.0)
att_709=	c(355.0, 355.0, 355.0, 360.0, 360.0, 357.5, 355.0, 355.0, 360.0, 360.0, 360.0, 360.0, 357.5, 355.0, 360.0, 355.0)
att_710=	c(408.0, 408.0, 411.0, 411.0, 410.5, 410.0, 410.0, 410.0, 410.0, 410.0, 410.0, 410.0, 410.0, 410.0, 410.0, 410.0)
att_711=	c(111.0, 111.0, 111.0, 113.0, 115.0, 115.0, 113.0, 113.0, 113.0, 113.0, 113.0, 115.0, 113.0, 115.0, 115.0, 115.0)
att_712=	c(231.0, 231.0, 231.0, 231.0, 231.0, 231.0, 231.0, 231.0, 231.0, 231.0, 231.0, 231.0, 231.0, 231.0, 231.0, 231.0)
att_713=	c(110.0, 118.0, 103.0, 108.0, 113.0, 98.0, 110.0, 110.0, 98.0, 115.0, 96.0, 96.0, 106.0, 106.0, 106.0, 106.0)
att_714=	c(196.0, 196.0, 196.0, 196.0, 196.0, 196.0, 196.0, 200.0, 200.0, 200.0, 200.0, 200.0, 200.0, 200.0, 200.0, 200.0)
att_715=	c(240.0, 240.0, 240.0, 240.0, 240.0, 240.0, 240.0, 240.0, 240.0, 240.0, 240.0, 240.0, 240.0, 240.0, 240.0, 240.0)
att_716=	c(195.0, 195.0, 195.0, 195.0, 195.0, 195.0, 195.0, 195.0, 195.0, 195.0, 195.0, 195.0, 195.0, 195.0, 195.0, 195.0)
att_717=	c(321.0, 328.0, 321.0, 325.5, 330.0, 326.5, 323.0, 323.0, 330.0, 326.0, 321.0, 328.0, 323.0, 321.0, 321.0, 323.0)
att_718=	c(231.0, 231.0, 231.0, 235.5, 240.0, 240.0, 240.0, 240.0, 238.0, 233.0, 236.0, 236.0, 233.0, 236.0, 236.0, 236.0)
att_719=	c(90.0, 90.0, 90.0, 90.0, 90.0, 90.0, 90.0, 90.0, 90.0, 90.0, 90.0, 90.0, 90.0, 90.0, 90.0, 90.0)
att_720=	c(17.0, 17.0, 17.0, 17.0, 17.0, 17.0, 17.0, 17.0, 17.0, 17.0, 17.0, 17.0, 17.0, 17.0, 17.0, 17.0)
att_721=	c(20.0, 20.0, 20.0, 20.0, 20.0, 20.0, 20.0, 21.0, 20.5, 20.0, 20.0, 20.0, 20.0, 20.0, 20.0, 20.0)
att_722=	c(14.0, 14.0, 14.0, 14.0, 14.0, 14.0, 14.0, 14.0, 14.0, 14.0, 14.0, 14.0, 14.0, 14.0, 14.0, 14.0)
att_723=	c(13.0, 13.0, 13.0, 13.0, 13.0, 13.0, 13.0, 13.0, 13.0, 29.0, 29.0, 29.0, 29.0, 29.0, 29.0, 29.0)
att_724=	c(25.1, 25.2, 25.2, 25.2, 25.2, 26.75, 28.3, 29.7, 31.3, 29.2, 28.8, 28.8, 29.05, 29.3, 29.3, 26.0)
att_725=	c(11.2, 11.2, 11.2, 11.2, 11.2, 11.2, 11.2, 11.2, 11.2, 11.1, 11.1, 11.1, 11.1, 11.1, 11.1, 11.1)
att_726=	c(5.9, 5.9, 5.9, 5.9, 5.9, 5.9, 5.9, 6.0, 6.0, 5.7, 5.7, 5.7, 5.7, 5.8, 5.8, 6.0)
att_727=	c(16.7, 16.7, 16.6, 16.5, 16.6, 16.6, 16.6, 16.6, 16.6, 16.6, 16.6, 16.6, 16.6, 16.6, 16.6, 16.6)
att_728=	c(3.0, 3.0, 3.0, 3.0, 3.0, 3.0, 3.0, 3.0, 3.0, 3.0, 3.0, 3.0, 3.0, 3.0, 3.0, 3.0)
att_729=	c(19.2, 19.2, 19.1, 19.1, 19.1, 19.1, 19.1, 19.1, 19.1, 19.1, 19.1, 19.1, 19.1, 19.1, 19.1, 19.1)
att_730=	c(7.0, 7.0, 7.0, 7.0, 7.0, 7.0, 7.0, 7.0, 7.0, 7.0, 7.0, 7.0, 7.0, 7.0, 7.0, 7.0)
att_731=	c(10.8, 10.8, 10.8, 10.8, 10.8, 10.8, 10.8, 10.8, 10.8, 10.8, 10.8, 10.8, 10.8, 10.8, 10.8, 10.8)
att_732=	c(10.0, 10.0, 10.2, 10.2, 10.1, 10.1, 10.1, 10.1, 10.1, 10.1, 10.1, 10.1, 10.0, 10.0, 10.0, 10.0)
att_733=	c(8.8, 8.8, 8.6, 8.6, 8.6, 8.9, 9.2, 9.2, 9.2, 9.2, 9.2, 9.3, 9.3, 9.2, 9.2, 9.2)
att_734=	c(17.0, 17.0, 17.0, 17.0, 17.0, 17.0, 17.0, 17.0, 17.0, 17.0, 17.0, 17.0, 16.0, 16.0, 16.0, 16.0)
att_735=	c(3.0, 3.0, 3.0, 3.0, 3.0, 3.0, 14.0, 14.0, 14.0, 14.0, 14.0, 14.0, 8.5, 3.0, 3.0, 3.0)
att_736=	c(7.0, 7.0, 7.0, 7.0, 7.0, 7.0, 7.0, 7.0, 7.0, 6.0, 6.0, 6.0, 6.0, 6.0, 6.0, 6.0)
att_737=	c(5.0, 5.0, 4.0, 4.0, 4.0, 4.0, 4.0, 4.0, 4.0, 4.0, 4.0, 4.0, 4.0, 4.0, 4.0, 4.0)
att_738=	c(3.0, 3.0, 3.0, 3.0, 3.0, 3.0, 3.0, 3.0, 3.0, 3.0, 3.0, 3.0, 3.0, 3.0, 3.0, 3.0)
att_739=	c(6.0, 6.0, 6.0, 6.0, 6.0, 6.0, 6.0, 6.0, 6.0, 6.0, 6.0, 6.0, 6.0, 6.0, 6.0, 6.0)
